 1 2.172238350E+00 1.328958422E-01 5.173497200E-01
 2 2.212709188E+00 3.350963593E-01 -4.647775292E-01
 3 2.191791773E+00 -1.977603883E-01 8.264175802E-02
 4 1.342884541E+00 5.762960389E-02 -3.283454478E-01
 5 -6.880173683E-01 -5.451687574E-01 8.024156690E-01
 6 1.281832576E+00 -8.770375699E-02 -1.683557220E-02
 7 -3.267455995E-01 1.183217406E+00 -2.795091569E-01
 8 1.918833733E+00 6.920602322E-01 -6.504819989E-01
 9 1.328661561E+00 1.062045619E-01 2.414588630E-01
 10 1.155622721E+00 -7.066727877E-01 8.187489510E-01
 11 1.661030173E+00 -1.035361290E-01 -7.206612825E-02
 12 1.389258742E+00 9.818909317E-02 -7.508471608E-01
 13 1.172351122E+00 6.293619275E-01 -2.845890522E-01
 14 1.812953800E-01 1.285560578E-01 -3.029846549E-01
 15 4.314403832E-01 -3.958295658E-02 -7.843089104E-01
 16 1.920211792E+00 8.517394662E-01 -1.731355488E-01
 17 -5.366492271E-01 -6.743222475E-01 -5.930936337E-01
 18 1.983883381E+00 -5.235897899E-01 -7.361297011E-01
 19 1.345129609E+00 3.789630830E-01 3.168610930E-01
 20 1.633243203E+00 1.093012616E-01 1.213625073E-02
 21 -8.454983234E-01 1.862293929E-01 9.572747350E-02
 22 -8.563804030E-01 -4.109344482E-01 8.221329451E-01
 23 1.300760269E+00 1.073374987E+00 -7.471928000E-01
 24 1.911279917E+00 1.118976712E+00 3.293766826E-02
 25 -4.305436313E-01 -6.384264827E-01 -8.774856478E-02
 26 2.467324495E+00 1.610099524E-02 7.276935577E-01
 27 -2.013634592E-01 -6.151257455E-02 -5.952677503E-02
 28 1.594822556E-01 4.356838763E-01 -2.760335803E-01
 29 9.158473611E-01 1.123262718E-01 -5.153982341E-02
 30 1.796882272E+00 6.967267990E-01 -5.438103080E-01
 31 3.685595691E-01 -6.784822345E-01 7.446393371E-01
 32 1.949605227E+00 8.804970384E-01 2.069136798E-01
 33 7.005112767E-01 1.072911739E+00 8.181334138E-01
 34 1.922975630E-01 -6.412356347E-02 1.217474788E-01
 35 1.536440730E+00 8.559222817E-01 -8.011978269E-01
 36 -1.817623824E-01 -6.471946836E-02 2.241221517E-01
 37 1.614862561E+00 3.317837119E-01 8.096174002E-01
 38 1.697142363E+00 -5.150292516E-01 3.886789680E-01
 39 1.511581182E+00 -1.901335269E-01 -7.435867190E-01
 40 2.539396524E+00 -6.723093390E-01 -8.214622140E-01
 41 6.529765129E-01 8.621090055E-01 -7.651717067E-01
 42 7.086119056E-02 1.047026992E+00 7.922894955E-01
 43 -7.806114554E-01 -6.638627648E-01 -1.534006894E-01
 44 1.901907772E-01 3.552269340E-01 2.972038388E-01
 45 -1.099639833E-01 -1.872191131E-01 -8.509487510E-01
 46 8.893836737E-01 6.027245522E-01 7.614534497E-01
 47 1.672876835E+00 5.053319931E-01 5.497757811E-03
 48 -1.875596941E-01 4.510432184E-01 1.441943198E-01
 49 1.970501065E+00 3.982019424E-01 8.246259689E-01
 50 -2.094161659E-01 6.877356023E-02 -3.326919675E-01
 51 -5.440621376E-01 1.094724774E+00 -7.467831373E-01
 52 2.566572744E-03 -7.599891424E-01 5.088780522E-01
 53 2.453096867E+00 -6.748245358E-01 7.597965002E-01
 54 -8.716084957E-01 1.097767830E+00 5.714285970E-01
 55 1.165814042E+00 -5.219623446E-01 -7.629771233E-01
 56 -1.953220367E-01 3.921927884E-02 8.784493804E-01
 57 3.362557590E-01 2.985893786E-01 5.162921920E-02
 58 2.167477846E+00 1.065964222E+00 -8.199415803E-01
 59 -8.491031528E-01 -6.547527313E-01 -4.065400362E-01
 60 -3.535345793E-01 1.068309903E+00 1.232930943E-01
 61 2.493412495E+00 -6.476347446E-01 -1.736758202E-01
 62 1.504777551E+00 -5.304472446E-01 -2.489611059E-01
 63 -5.067712665E-01 -4.397309422E-01 -1.209127307E-01
 64 -4.516433179E-01 1.001216173E+00 -2.843545675E-01
 65 1.753036380E-01 4.927723408E-01 5.161735043E-02
 66 1.858365655E+00 1.109944701E+00 -7.794814706E-01
 67 1.643757343E+00 -4.842730984E-02 1.969973147E-01
 68 1.605928302E+00 -2.738187909E-01 8.314329386E-01
 69 -8.136747479E-01 2.554698847E-02 -2.108957916E-01
 70 2.057443142E+00 1.019317865E+00 7.590034008E-01
 71 1.705323219E+00 3.208081126E-01 2.737518251E-01
 72 -7.811767459E-01 6.622599959E-01 -7.268651724E-01
 73 1.657404780E+00 1.114547700E-01 -3.296641409E-01
 74 1.501891255E+00 -4.508985579E-01 5.427472591E-01
 75 1.401729107E+00 1.056241512E+00 -1.870061010E-01
 76 -1.925015002E-01 -6.629002094E-01 8.352932930E-01
 77 1.739149928E+00 2.557942867E-01 -8.665715158E-02
 78 -2.493958026E-01 -6.275388598E-01 -8.357155323E-01
 79 2.486804724E+00 -3.174961805E-01 -7.455734611E-01
 80 1.831625700E+00 -7.587383389E-01 -4.123149812E-01
 81 -3.181982040E-01 -7.254566550E-01 -4.940693378E-01
 82 4.891473949E-01 3.361881971E-01 -3.909675181E-01
 83 3.344752192E-01 -6.677746177E-01 -4.291792214E-01
 84 1.812770486E+00 9.271814227E-01 4.597260356E-01
 85 3.569695652E-01 -6.366056800E-01 -7.848976851E-01
 86 -5.251081586E-01 1.030465961E+00 4.861021340E-01
 87 3.327965736E-01 9.243283421E-02 -7.260245085E-02
 88 -8.451046944E-01 1.084881544E+00 -8.174857497E-01
 89 9.660663605E-01 1.027666688E+00 -7.807873487E-01
 90 1.781362295E+00 -1.270603295E-02 8.424333334E-01
 91 1.331635714E+00 4.723430276E-01 4.396085069E-02
 92 1.815423250E+00 1.014527917E+00 -1.640106738E-01
 93 1.132045627E+00 -4.672052264E-01 2.046788037E-01
 94 1.289362192E+00 1.029002309E+00 8.197039366E-01
 95 -4.293498099E-01 6.662920117E-01 -5.345144123E-02
 96 -8.341397643E-01 -6.269385219E-01 3.833034635E-01
 97 1.681279182E+00 4.998441339E-01 -2.468740642E-01
 98 1.433686614E+00 9.274994135E-01 3.604419231E-01
 99 -8.538184762E-01 -7.203360796E-01 -8.046044707E-01
 100 -5.116792917E-01 3.855981231E-01 -7.858533859E-01
 101 -8.428691626E-01 -6.579404473E-01 6.543529630E-01
 102 -2.447006702E-01 1.083640337E+00 -8.132693768E-01
 103 9.151917696E-01 3.063949049E-01 2.929700166E-02
 104 6.957267523E-01 -6.522024870E-01 -7.662617564E-01
 105 5.778153427E-03 -6.937083602E-01 -8.190542459E-01
 106 -8.318824172E-01 5.831723213E-01 7.833669186E-01
 107 -2.315370589E-01 1.652764231E-01 6.878773123E-02
 108 -8.485333323E-01 7.331099361E-02 -7.443171740E-01
 109 2.467912912E+00 3.829966486E-01 7.726986408E-01
 110 -7.186658978E-01 1.010206819E+00 -7.586337626E-02
 111 1.601132154E+00 1.068012834E+00 7.692153454E-01
 112 3.842706084E-01 1.054345846E+00 7.594159245E-01
 113 2.470663548E+00 1.019362569E+00 -4.723275900E-01
 114 -8.479983807E-01 1.082154989E+00 -2.560519278E-01
 115 2.538300276E+00 1.090588212E+00 7.784983516E-01
 116 -4.355030954E-01 -5.857570171E-01 2.602910697E-01
 117 1.897367001E+00 -4.931565225E-01 7.474865317E-01
 118 -8.220139146E-01 9.040052295E-01 7.675641775E-01
 119 2.481574297E+00 7.954429388E-01 7.675104737E-01
 120 2.481390715E+00 9.161323309E-01 4.098270237E-01
 121 2.460945845E+00 -6.659035087E-01 -4.524911940E-01
 122 -8.312360644E-01 3.172948360E-01 7.792128325E-01
 123 -7.942588329E-01 1.045464277E+00 1.904761791E-01
 124 2.008235455E+00 -7.659620643E-01 -1.710898876E-01
 125 9.757956862E-01 -6.511749029E-01 -7.484310269E-01
 126 -8.031927347E-01 3.387849927E-01 -7.541087866E-01
 127 4.186758399E-01 7.940282226E-01 -1.689950973E-01
 128 6.925035715E-01 -5.018887520E-01 7.439463139E-01
 129 -8.256554008E-01 -2.325199097E-01 -7.502992153E-01
 130 1.828849196E+00 -4.913721979E-01 4.962933958E-01
 131 1.433181763E+00 5.813369155E-01 8.777994514E-01
 132 9.970595837E-01 1.037524939E+00 8.139375448E-01
 133 2.469496727E+00 -6.524020433E-01 1.882003099E-01
 134 2.487581491E+00 -3.251413703E-01 7.475194931E-01
 135 3.979974091E-01 3.404320180E-01 -7.729972005E-01
 136 2.151778698E+00 -6.556441784E-01 -7.839284539E-01
 137 2.498294592E+00 1.019343972E+00 1.703581065E-01
 138 -3.984276652E-01 6.004832983E-01 4.621846080E-01
 139 4.221518040E-01 7.796928883E-01 1.475281417E-01
 140 9.656950831E-01 -6.276795268E-01 -1.287363470E-01
 141 -4.733735621E-01 -2.699578106E-01 -8.102924824E-01
 142 -8.049066067E-01 5.158143863E-02 7.815199494E-01
 143 3.619471788E-01 1.072007179E+00 -7.573045492E-01
 144 2.539439917E+00 1.113775015E+00 -8.315838575E-01
 145 1.565453410E+00 -7.292954326E-01 1.278296113E-01
 146 2.461345673E+00 3.728144467E-01 -7.900424600E-01
 147 2.473348618E+00 1.026636362E+00 -1.301290095E-01
 148 1.705621243E+00 5.632802844E-01 8.109803200E-01
 149 8.874840736E-01 -6.495991349E-01 7.675139308E-01
 150 -6.087184548E-01 -7.137581706E-01 8.294419050E-01
 151 1.702487350E+00 1.177132130E+00 -1.006118581E-01
 152 1.997982383E+00 1.066633105E+00 -4.215695262E-01
 153 2.461268663E+00 5.131137967E-01 6.220676005E-03
 154 1.868021011E+00 2.025343478E-01 7.628837824E-01
 155 1.410066009E+00 -7.095408440E-01 8.252245784E-01
 156 1.646039605E+00 1.049772620E+00 -5.515720844E-01
 157 -2.481321841E-01 9.974811673E-01 7.145788670E-01
 158 -2.572444677E-01 -5.762318149E-03 9.050403833E-01
 159 2.135871649E+00 -6.624797583E-01 7.673487663E-01
 160 2.475273371E+00 4.424364492E-02 -7.584162354E-01
 161 1.707649469E+00 -7.218681574E-01 7.979062200E-01
 162 1.222330332E+00 6.593505144E-01 -8.206619620E-01
 163 1.309416652E+00 3.053235412E-01 -2.537863553E-01
 164 2.490801573E+00 8.048990965E-01 -7.541062832E-01
 165 2.298190355E+00 1.032821536E+00 8.096554875E-01
 166 2.145157576E+00 7.716321200E-02 7.837787867E-01
 167 2.435526133E+00 1.805862337E-01 4.574621618E-01
 168 1.943952322E+00 6.672663987E-02 4.420669675E-01
 169 2.463935137E+00 2.272200733E-01 -5.073798299E-01
 170 2.188134670E+00 4.631032646E-01 -7.939429879E-01
 171 2.467381954E+00 5.291078091E-01 -3.278874457E-01
 172 2.090957165E+00 1.362006813E-01 -7.789627910E-01
 173 1.807873130E+00 3.965838253E-01 -4.778451324E-01
 174 2.459847689E+00 -1.261590570E-01 7.232467085E-02
 175 2.480829954E+00 -5.767017137E-03 -2.499331683E-01
 176 2.490206003E+00 2.005064189E-01 2.874534763E-02
 177 2.464547873E+00 -1.731529534E-01 4.267805815E-01
 178 2.496788263E+00 -4.090923667E-01 -1.876196451E-02
 179 2.215962172E+00 -1.443091184E-01 -7.541064024E-01
 180 2.376821823E-03 1.662041694E-01 -8.065030575E-01
 181 2.513041258E+00 3.322092295E-01 -1.968309134E-01
 182 2.508235693E+00 7.487941384E-01 -2.370831072E-01
 183 2.155303955E+00 7.883139253E-01 -7.776268721E-01
 184 -4.205562472E-01 9.829903245E-01 -2.617717683E-01
 185 2.518796206E+00 9.062095731E-02 2.377816439E-01
 186 2.184193850E+00 -2.428262234E-01 7.536225319E-01
 187 2.229171515E+00 3.452250659E-01 7.774199247E-01
 188 1.123169661E+00 8.868807554E-01 -7.782238126E-01
 189 1.056642652E+00 3.457859159E-01 -5.793130994E-01
 190 8.750122786E-01 6.390621662E-01 -7.870469689E-01
 191 -3.780579567E-01 7.421889901E-02 5.087042451E-01
 192 -4.825367033E-01 1.807638854E-01 7.986980677E-01
 193 -1.453052610E-01 7.809996605E-01 8.175999522E-01
 194 -8.147741556E-01 5.351995826E-01 5.916338414E-02
 195 -7.989476919E-01 6.766278744E-01 -4.287919998E-01
 196 1.514272332E+00 -5.639330149E-01 7.864443660E-01
 197 1.509103537E+00 6.136679053E-01 -7.161657810E-01
 198 -5.651977658E-01 -3.476932943E-01 8.321826458E-01
 199 2.543041229E+00 7.767437100E-01 2.960975468E-02
 200 1.899289727E+00 1.044535160E+00 -1.678569317E-01
 201 2.193397999E+00 1.042379379E+00 -2.508157790E-01
 202 9.772821665E-01 -6.583950520E-01 3.549840450E-01
 203 1.349429488E+00 1.804194897E-01 7.953089476E-01
 204 1.819402695E+00 9.913367033E-01 -1.031731516E-01
 205 3.045258224E-01 1.003733277E+00 -4.856511056E-01
 206 6.285668612E-01 1.096502662E+00 -8.142140508E-01
 207 2.762048841E-01 8.711537719E-01 -7.707090378E-01
 208 4.194917679E-01 3.662937582E-01 8.414888978E-01
 209 2.325869948E-01 7.717619538E-01 8.051749468E-01
 210 -7.818417549E-01 1.967519969E-01 5.504611135E-01
 211 -4.788943231E-01 -2.189386636E-01 -4.406434000E-01
 212 -3.767681420E-01 -7.259652764E-02 -9.444252849E-01
 213 -6.411794424E-01 -3.157607615E-01 -8.005433083E-01
 214 1.098533511E+00 -6.942815781E-01 -4.345749617E-01
 215 6.407769322E-01 -6.402749419E-01 -1.723564863E-01
 216 2.923155725E-01 1.028262377E+00 3.170928359E-01
 217 4.077936709E-01 6.454608440E-01 4.250072837E-01
 218 3.630843014E-02 8.543941975E-01 -4.055039883E-01
 219 2.280485868E+00 1.059702873E+00 1.972047538E-01
 220 6.326578856E-01 1.832542717E-01 -7.496806979E-01
 221 5.198895186E-02 5.287347436E-01 -8.114954233E-01
 222 5.535174608E-01 6.252703071E-01 -7.895323038E-01
 223 4.160303771E-01 3.791934550E-01 -5.977425575E-01
 224 2.475572109E+00 -4.571863413E-01 5.308493972E-01
 225 2.217054844E+00 -6.865971684E-01 1.731113493E-01
 226 2.495218515E+00 -6.445978284E-01 4.435489774E-01
 227 -2.474072576E-01 2.095737457E-01 -8.612873405E-02
 228 9.086151719E-01 -3.372361064E-01 7.500051856E-01
 229 3.867675662E-01 1.024705768E+00 -1.682163179E-01
 230 -7.812232375E-01 2.413714826E-01 -4.512111247E-01
 231 -4.350009933E-02 6.085053086E-01 7.239227295E-01
 232 1.056292653E+00 -2.287600189E-01 -3.985857964E-01
 233 1.597505331E+00 -5.750183463E-01 -5.028776526E-01
 234 -8.030070066E-01 7.946853638E-01 2.085813880E-01
 235 2.476256847E+00 -4.124067128E-01 -4.674654007E-01
 236 2.172716379E+00 -6.722023487E-01 -2.709404826E-01
 237 2.501899242E+00 6.549462080E-01 5.244980454E-01
 238 2.313378811E+00 1.037683368E+00 5.387002230E-01
 239 -5.662575364E-01 9.235030413E-01 7.941206098E-01
 240 1.891116023E+00 -6.867964864E-01 5.416859984E-01
 241 1.496816520E-02 3.440304697E-01 7.982697487E-01
 242 2.215585232E+00 1.003427148E+00 -5.273069739E-01
 243 -6.212431788E-01 1.096790671E+00 -3.830759525E-01
 244 -8.086558580E-01 7.692573071E-01 -1.370333433E-01
 245 -6.441193223E-01 -1.332835574E-02 -7.691580057E-01
 246 5.660646558E-01 -3.714969158E-01 -7.660757899E-01
 247 7.955319285E-01 -6.545026302E-01 -4.671377242E-01
 248 -3.502642214E-01 1.092387080E+00 -5.920404792E-01
 249 -2.803342342E-01 8.214722872E-01 -8.630641103E-01
 250 -4.733237028E-01 5.052497983E-01 -9.229120612E-01
 251 -5.959189534E-01 2.569171190E-01 -8.371265531E-01
 252 1.692552328E+00 1.068079948E+00 4.593381584E-01
 253 1.333906412E+00 1.061874866E+00 5.285556912E-01
 254 1.634274006E+00 1.193755269E+00 2.863230407E-01
 255 -8.136945367E-01 -2.845521271E-01 3.271952569E-01
 256 -6.764841080E-01 -6.658193469E-01 2.665904760E-01
 257 -1.323759407E-01 1.095252037E+00 3.854879141E-01
 258 1.142404318E+00 7.888764143E-01 7.688207626E-01
 259 1.382289886E+00 -6.690436602E-01 3.334607184E-01
 260 1.065549135E+00 7.920269370E-01 -1.378281116E-01
 261 1.140720963E+00 6.281608343E-01 2.458168417E-01
 262 1.134988070E+00 1.066681504E+00 -4.687757492E-01
 263 9.056993723E-01 1.076847672E+00 -4.856162071E-01
 264 -3.012996912E-01 1.088380456E+00 4.925765991E-01
 265 6.345000267E-01 3.656276762E-01 1.460052282E-01
 266 5.667490885E-02 -6.841163039E-01 -6.074340343E-01
 267 2.697971463E-01 -4.460930526E-01 -1.328137666E-01
 268 -5.725766420E-01 -5.726259947E-01 -2.859658897E-01
 269 -2.529393137E-01 -7.097815275E-01 -6.557232141E-01
 270 -2.306523621E-01 -8.007401824E-01 4.994747937E-01
 271 -8.720425963E-01 8.241681457E-01 -8.584976792E-01
 272 -8.641625643E-01 4.781516194E-01 -8.773153424E-01
 273 -5.676571131E-01 6.325070262E-01 -8.017349243E-01
 274 1.853898048E+00 6.571433544E-01 3.715178370E-01
 275 1.852094293E+00 8.276935816E-01 7.769148946E-01
 276 2.145992756E+00 7.100800872E-01 7.796537876E-01
 277 1.957037091E+00 1.084530115E+00 5.557914972E-01
 278 -8.204816580E-01 -1.603222042E-01 3.756615892E-02
 279 -1.815155596E-01 1.573697478E-01 1.293576211E-01
 280 1.259410858E+00 -3.354987800E-01 -8.300693035E-01
 281 1.744557142E+00 -2.412919700E-01 -7.928540111E-01
 282 1.673270583E+00 -7.202690840E-01 3.106274903E-01
 283 1.188728571E+00 4.014109075E-02 6.531465650E-01
 284 1.251604438E+00 -2.729574144E-01 8.450470567E-01
 285 1.352451742E-01 -4.731324911E-01 7.989243269E-01
 286 -2.400938869E-01 1.276814342E-01 -8.452582173E-03
 287 -1.751405001E-01 9.553621411E-01 -8.110385537E-01
 288 1.039135098E+00 3.559279442E-01 7.263235450E-01
 289 3.477742523E-02 1.013550162E+00 -5.964688957E-02
 290 -8.299959898E-01 -3.898117840E-01 -9.850538522E-02
 291 5.166104436E-01 -6.484769583E-01 1.407425255E-01
 292 3.336190581E-01 -6.731209755E-01 -7.852585614E-02
 293 1.306478083E-01 -5.191399455E-01 2.363055944E-01
 294 7.490198612E-01 1.485839635E-01 6.706750393E-01
 295 4.513611495E-01 -9.978223592E-02 7.368196249E-01
 296 1.600772500E+00 1.120036840E+00 -7.991315126E-01
 297 5.511663556E-01 -6.290208101E-01 5.121511221E-01
 298 -5.194766521E-01 2.469485551E-01 -7.692290936E-03
 299 1.075743914E+00 3.083166778E-01 2.158274651E-01
 300 2.007508039E+00 -6.653681397E-01 -4.859577119E-01
 301 6.589713693E-01 4.432884231E-02 -3.966768682E-01
 302 3.141303062E-01 1.194547117E-01 -5.691347718E-01
 303 1.842698932E+00 3.798523247E-01 7.638326883E-01
 304 1.841472268E+00 -1.230605170E-01 -4.061691761E-01
 305 -4.198912084E-01 7.658225298E-01 5.563901067E-01
 306 1.173133731E+00 -1.722313762E-01 3.326642811E-01
 307 -3.923163116E-01 1.109833002E+00 2.570481002E-01
 308 1.991994619E+00 -2.695105970E-01 -7.003945708E-01
 309 1.061642289E+00 6.633521616E-02 -1.680853516E-01
 310 9.714475274E-01 -2.154814303E-01 -9.083901346E-02
 311 7.347890735E-01 -1.281372011E-01 7.618830204E-01
 312 7.954364419E-01 -6.704669595E-01 2.921691835E-01
 313 -8.141887188E-01 -2.833792567E-01 -3.389709294E-01
 314 1.932157159E+00 -6.324844360E-01 -1.787295640E-01
 315 1.064429283E+00 3.439477682E-01 5.558050871E-01
 316 7.546942234E-01 4.019761086E-01 7.846734524E-01
 317 4.664230943E-01 -3.709530234E-01 7.444737554E-01
 318 1.075564504E+00 -4.404385388E-02 7.740050554E-01
 319 -1.853517145E-01 -4.849512875E-01 -7.250223160E-01
 320 9.361885786E-01 -3.555670977E-01 -7.432911396E-01
 321 1.961712599E+00 1.950045228E-01 -3.020616770E-01
 322 1.962258935E+00 1.077404499E+00 2.712889910E-01
 323 9.378888458E-02 -5.005657077E-01 -2.897505760E-01
 324 3.927619159E-01 -2.419487834E-01 -4.210656583E-01
 325 6.587302089E-01 1.028241158E+00 -5.868012309E-01
 326 9.596179128E-01 1.092491746E+00 -2.316154391E-01
 327 1.128703594E+00 -6.290844679E-01 5.548474193E-02
 328 1.589113712E+00 -6.988602877E-01 5.645714998E-01
 329 -8.394951820E-01 -2.181941718E-01 6.123065948E-01
 330 1.100183725E+00 1.025638342E+00 5.129007697E-01
 331 9.516342282E-01 1.005009532E+00 2.614571713E-02
 332 3.852541372E-02 -6.241993904E-01 6.079281121E-02
 333 1.999712706E+00 -6.039513946E-01 3.441720605E-01
 334 2.253188133E+00 -6.469644308E-01 -6.220937520E-02
 335 2.498145103E+00 -3.124824166E-01 -2.894249856E-01
 336 -8.024621010E-01 5.472418070E-01 4.726332724E-01
 337 1.840637803E+00 1.089150459E-01 -5.604475141E-01
 338 2.225110531E+00 -6.528816223E-01 4.403679669E-01
 339 3.069375455E-01 7.809539437E-01 -5.106707811E-01
 340 7.283217907E-01 -8.700816333E-02 -7.589530945E-01
 341 6.105117798E-01 1.019470453E+00 1.455613077E-01
 342 5.801296234E-01 1.056565881E+00 5.087175369E-01
 343 -7.377631664E-01 -5.553562045E-01 -7.758588791E-01
 344 4.398627579E-01 4.926009774E-01 6.040778160E-01
 345 5.670323968E-01 6.066925526E-01 7.926964164E-01
 346 1.523864865E+00 6.147862077E-01 7.585951686E-01
 347 1.624044895E+00 3.187000155E-01 2.749787457E-02
 348 3.076452017E-01 6.709635854E-01 -3.062867224E-01
 349 1.993052959E+00 7.067985535E-01 -8.194196224E-01
 350 1.805251718E+00 1.216092631E-01 -9.019072056E-01
 351 1.988346815E+00 2.439666837E-01 -4.748410080E-03
 352 7.379740477E-01 1.053302050E+00 -6.189464033E-02
 353 9.210777283E-01 1.112458557E-01 -7.739893198E-01
 354 -8.540963531E-01 3.438942134E-01 2.798937261E-01
 355 8.601741195E-01 1.045540929E+00 3.455618918E-01
 356 -8.336160779E-01 1.075624721E-03 2.916115224E-01
 357 -3.367521763E-01 -4.759411886E-02 -8.231680989E-01
 358 9.712805599E-02 1.000575542E+00 -8.441127539E-01
 359 1.060694098E+00 2.663201280E-02 -5.813073516E-01
 360 -4.573712051E-01 -2.362848967E-01 5.253698826E-01
 361 1.092144996E-01 2.572966516E-01 -3.328149617E-01
 362 2.808830515E-02 -6.912717819E-01 8.136188984E-01
 363 1.458045095E-01 -7.032472640E-02 2.459050864E-01
 364 7.882912159E-01 8.132099509E-01 7.619372010E-01
 365 -4.449384212E-01 5.984502435E-01 2.548351884E-01
 366 -1.777061820E-01 2.530174255E-01 2.495195270E-01
 367 1.998079300E+00 6.313019991E-01 -1.358395517E-01
 368 1.870713115E+00 4.047175944E-01 -1.771584339E-02
 369 1.544640183E+00 8.528195620E-01 8.665058613E-01
 370 -8.035335541E-01 1.071689487E+00 -5.408681035E-01
 371 1.842612743E+00 4.329354689E-02 6.920268536E-01
 372 -5.417782664E-01 1.940502971E-01 5.756080747E-01
 373 -4.015722573E-01 1.971513182E-01 -1.599324942E-01
 374 -1.753277928E-01 5.065374970E-01 8.581900038E-03
 375 -8.350480199E-01 -7.039510012E-01 9.040252119E-02
 376 -4.516098797E-01 8.038465381E-01 -6.270204186E-01
 377 5.543192625E-01 -5.726619959E-01 -5.116173029E-01
 378 -4.024723172E-01 -3.009002469E-02 1.754440516E-01
 379 -8.120859861E-01 -5.349897221E-02 -4.928445518E-01
 380 1.983258486E+00 -1.703930795E-01 8.056237102E-01
 381 -3.789251149E-01 2.431859523E-01 -8.712921739E-01
 382 1.102257490E+00 6.059598327E-01 7.570439577E-01
 383 2.365497351E+00 -5.951115489E-01 -6.825944781E-01
 384 3.443358243E-01 6.025069356E-01 -1.702751368E-01
 385 -4.639069736E-01 -5.466361642E-01 7.273606062E-01
 386 1.993992329E+00 -1.535789520E-01 2.722978294E-01
 387 1.933352351E+00 1.082228899E+00 -1.815254092E-01
 388 2.278577089E+00 -4.658659101E-01 7.571069598E-01
 389 1.214145899E+00 9.184395075E-01 -5.179097652E-01
 390 9.911705852E-01 3.931716383E-01 -2.560740113E-01
 391 1.966038704E+00 2.539691031E-01 3.618067503E-01
 392 2.321939707E+00 6.223554015E-01 -7.778521180E-01
 393 2.412910700E+00 4.936666191E-01 -5.809581280E-01
 394 1.815972686E+00 -5.676823854E-01 1.409747899E-01
 395 2.460759878E+00 -1.160411611E-01 -5.330431461E-01
 396 2.294284821E+00 -4.039765000E-01 2.445066869E-01
 397 2.449583292E+00 7.370901704E-01 -5.344609618E-01
 398 1.991600871E+00 9.006700516E-01 -6.288690567E-01
 399 2.028709650E+00 3.305842280E-01 -5.741150379E-01
 400 1.811777353E+00 7.581148744E-01 -3.175844848E-01
 401 2.447648287E+00 3.709294200E-01 2.173194736E-01
 402 2.214781284E+00 -7.858403958E-03 2.932991385E-01
 403 2.087464333E+00 3.287204504E-01 6.176141500E-01
 404 -3.704841733E-01 1.730720103E-01 2.205522358E-01
 405 -6.005590558E-01 2.849568129E-01 3.476771414E-01
 406 -6.091129184E-01 4.265723825E-01 6.394150257E-01
 407 1.228653431E+00 -4.938756824E-01 7.600358129E-01
 408 1.845927477E+00 -2.695740163E-01 7.683572769E-01
 409 -5.263377428E-01 -1.669298559E-01 6.403139830E-01
 410 2.298979521E+00 8.167682290E-01 -7.356971502E-02
 411 3.443345428E-01 3.035856225E-02 7.857214212E-01
 412 2.019646764E-01 8.092405200E-01 6.098226905E-01
 413 1.771672606E+00 8.036249876E-01 -4.957157671E-01
 414 -4.784827232E-01 -4.940710962E-01 -6.086006761E-01
 415 4.563657641E-01 4.508918226E-01 2.442234904E-01
 416 -1.482411027E-01 3.447560370E-01 -2.871583402E-01
 417 2.151960135E+00 1.003971696E+00 -4.051677883E-02
 418 7.292669415E-01 4.047451913E-01 -7.544377446E-01
 419 7.088422775E-01 6.695021987E-01 -5.312443376E-01
 420 2.290986061E+00 -3.741271794E-01 5.524975657E-01
 421 8.306271434E-01 -4.860839248E-01 4.520933628E-01
 422 -1.488285512E-01 1.625104249E-01 -8.464132994E-02
 423 3.651376665E-01 1.018961430E+00 7.230411470E-02
 424 -5.444465280E-01 4.223146141E-01 -3.343317509E-01
 425 -5.440773368E-01 1.150854349E+00 -7.538548857E-02
 426 -7.580335736E-01 8.923832774E-01 4.686927497E-01
 427 2.312601089E+00 -4.748582542E-01 -3.208448887E-01
 428 2.160481215E+00 -6.320401430E-01 -5.374065042E-01
 429 2.401465654E+00 4.280771613E-01 4.887045324E-01
 430 2.435330153E+00 6.800556779E-01 2.757176459E-01
 431 2.107715309E-01 2.816554606E-01 -1.483329833E-01
 432 2.379986286E+00 9.546275735E-01 -7.188367844E-01
 433 -6.451323032E-01 1.071428731E-01 -6.204542518E-01
 434 9.448744655E-01 -4.322591424E-01 -5.197519660E-01
 435 1.701949723E-02 1.100825071E+00 -6.298517585E-01
 436 1.743445516E+00 -6.894446611E-01 -7.923963070E-01
 437 -7.287487388E-01 -4.184566736E-01 5.747856498E-01
 438 -5.871588588E-01 -6.825512648E-01 -1.079802960E-01
 439 1.203575969E+00 8.973010182E-01 -3.739039302E-01
 440 9.482074976E-01 8.515080214E-01 -5.580129027E-01
 441 6.278873086E-01 5.541642308E-01 -6.123621017E-02
 442 4.665565193E-01 -1.180292442E-01 -5.325964093E-02
 443 -5.045809150E-01 -7.131565213E-01 4.644172192E-01
 444 -4.781660736E-01 1.776855439E-01 -8.367421627E-01
 445 -5.796033740E-01 8.424089551E-01 -5.428354740E-01
 446 1.964233518E+00 6.945903897E-01 6.189729571E-01
 447 2.333044529E+00 5.549970865E-01 6.795945168E-01
 448 2.084056854E+00 8.912572265E-01 5.214439034E-01
 449 1.952874303E+00 -1.038242877E-01 -7.441781163E-01
 450 -3.787410557E-01 -3.286620378E-01 -6.465876102E-02
 451 1.065681577E+00 -1.955648512E-01 4.691822827E-01
 452 -6.279777884E-01 6.927670240E-01 4.386886954E-02
 453 3.577810824E-01 -3.993538916E-01 -6.765604019E-01
 454 3.441521823E-01 -5.869818330E-01 3.823531866E-01
 455 4.629684389E-01 -4.486919940E-01 -2.068611681E-01
 456 4.443068802E-01 -4.618587792E-01 7.725876570E-02
 457 3.597722948E-01 -2.517971396E-01 4.330066741E-01
 458 1.839434743E+00 1.018040061E+00 -5.861236453E-01
 459 8.682545424E-01 7.246270776E-02 -2.806642652E-01
 460 5.060660243E-01 1.838093102E-01 -5.092762709E-01
 461 9.965845942E-01 -7.802451402E-02 1.323959529E-01
 462 -5.969596505E-01 1.007140398E+00 1.173571795E-01
 463 -5.665564537E-01 7.976849675E-01 -2.379256934E-01
 464 1.065679073E+00 -4.754119813E-01 -3.122976720E-01
 465 7.891377211E-01 -5.192673802E-01 1.018997952E-01
 466 -5.025701523E-01 2.905251682E-01 -6.170174479E-01
 467 9.624050856E-01 5.359964371E-01 4.288485646E-01
 468 -1.895869896E-02 1.132446766E+00 -3.387099206E-01
 469 6.501508355E-01 -1.904850304E-01 4.969714582E-01
 470 1.794750988E-01 -3.237710893E-01 7.960348725E-01
 471 8.704993725E-01 1.671489030E-01 7.530878782E-01
 472 1.014145970E+00 -9.431828558E-02 3.993513286E-01
 473 1.519895911E+00 -5.182632804E-01 2.374081761E-01
 474 4.415091276E-01 8.361099958E-01 -5.869566798E-01
 475 6.719940901E-01 9.614183903E-01 -3.223161399E-01
 476 1.278391719E+00 7.889171839E-01 5.467126369E-01
 477 8.491781354E-01 1.027993917E+00 6.113265753E-01
 478 9.917404056E-01 8.080752492E-01 2.521108389E-01
 479 1.006300449E+00 8.917489052E-01 -2.781726718E-01
 480 2.289714098E+00 -2.660406232E-01 -1.342321783E-01
 481 5.854445696E-02 -2.154338360E-01 -6.706953645E-01
 482 4.798176289E-01 6.257353425E-01 -3.653109968E-01
 483 5.904070139E-01 -1.815028042E-01 -4.810227752E-01
 484 4.912586212E-01 8.000191450E-01 3.430334330E-01
 485 -4.702039361E-01 -5.963713527E-01 -8.138603568E-01
 486 -7.726538777E-01 -4.911490977E-01 -5.605590940E-01
 487 4.961881042E-01 6.239008904E-01 5.659919977E-01
 488 9.673900008E-01 5.429089069E-01 -5.396153331E-01
 489 2.111203194E+00 6.036867499E-01 -4.932394028E-01
 490 1.771135330E+00 3.042683601E-01 -6.518836133E-03
 491 2.189586163E+00 3.499552608E-01 -1.047857329E-01
 492 1.131770849E+00 -1.273119003E-01 -7.324514985E-01
 493 -6.256487966E-01 3.704917729E-01 1.070990935E-01
 494 -4.924920201E-01 4.667688310E-01 -8.497329801E-02
 495 -6.168220639E-01 1.643068790E-01 -1.632230431E-01
 496 9.010772705E-01 -9.552725405E-02 -5.451794863E-01
 497 2.177531958E+00 5.213191509E-01 1.310284585E-01
 498 2.177970409E+00 6.103971601E-01 -2.784234285E-01
 499 2.164524555E+00 3.210038692E-02 -9.060995281E-02
 500 2.214257956E+00 1.592198908E-01 1.356176287E-01
 501 2.318139791E+00 2.226924747E-01 -2.680629194E-01
 502 2.050967455E+00 -4.534177482E-01 -4.257327616E-01
 503 2.089574814E+00 -2.434620261E-02 -5.609004498E-01
 504 1.895962596E+00 6.149523258E-01 -3.736669421E-01
 505 2.241665602E+00 6.818949580E-01 -5.382714272E-01
 506 8.395360708E-01 2.110172212E-01 -5.544015765E-01
 507 9.299578071E-01 6.771466732E-01 -3.580547869E-01
 508 7.689007521E-01 5.937895775E-01 6.011382341E-01
 509 5.416198373E-01 8.499463797E-01 6.526851654E-01
 510 7.360266447E-01 4.408836365E-01 5.904403329E-01
 511 -6.104438901E-01 -2.129350603E-01 -5.123072863E-01
 512 7.515626550E-01 7.952563167E-01 4.320681095E-01
 513 5.323824286E-01 8.092476130E-01 1.497768424E-02
 514 6.605698466E-01 5.788058639E-01 3.022100329E-01
 515 4.457787275E-01 -3.735597432E-01 -4.143230319E-01
 516 7.087239027E-01 -4.307159781E-01 -3.416630626E-01
 517 4.294927418E-01 -1.066213474E-01 -3.048520684E-01
 518 7.222238779E-01 -3.135541379E-01 -5.213319063E-01
 519 6.834717989E-01 -1.262649335E-02 -4.719200730E-01
 520 5.922849774E-01 4.265553355E-01 -5.400443673E-01
 521 5.309129953E-01 7.570056319E-01 -2.944992483E-01
 522 1.744828671E-01 1.400002539E-01 2.478256673E-01
 523 2.146419048E+00 -5.483146310E-01 -1.003134325E-01
 524 9.458913803E-01 6.765276790E-01 -1.146336645E-01
 525 7.739174366E-01 7.951772213E-01 1.405298561E-01
 526 9.860773683E-01 7.693580389E-01 5.111514330E-01
 527 1.096881270E+00 6.214451194E-01 4.405996501E-01
 528 2.074389696E+00 -4.425241649E-01 5.058348179E-01
 529 2.016691923E+00 -3.167456090E-01 2.342381477E-01
 530 9.848782420E-01 -3.224937618E-01 4.222508073E-01
 531 8.426318169E-01 -3.675930575E-02 4.449422657E-01
 532 3.317286074E-01 1.456446797E-01 8.792781085E-02
 533 6.074076295E-01 -4.553103745E-01 2.946642041E-01
 534 7.496547699E-01 -3.013290763E-01 4.957036376E-01
 535 1.605980635E+00 7.976377010E-01 7.365259528E-01
 536 -5.616378784E-01 -1.399305165E-01 -1.080642566E-01
 537 9.993542433E-01 -3.511254787E-01 1.771700382E-01
 538 6.869862080E-01 -2.964494824E-01 -7.858048379E-02
 539 1.227414489E+00 -4.246165752E-01 -4.702193439E-01
 540 -5.665941834E-01 8.320844173E-01 2.932802141E-01
 541 9.209733009E-01 -1.127765030E-01 -2.518916726E-01
 542 1.425105333E+00 1.183761358E+00 -4.602531493E-01
 543 -1.194017306E-01 -3.771486282E-01 7.746428251E-01
 544 3.729517758E-01 -2.529702187E-01 2.016260773E-01
 545 2.207399130E+00 -3.472038507E-01 -5.835438371E-01
 546 2.160314322E+00 5.917934775E-01 4.527421892E-01
 547 2.226339102E+00 8.695475459E-01 2.782693803E-01
 548 2.299535036E+00 7.999262810E-01 5.756149292E-01
 549 1.999103069E+00 3.567809463E-01 5.852873921E-01
 550 -7.030634880E-01 8.946049809E-01 -6.977884173E-01
 551 -5.777365565E-01 -4.561562240E-01 2.332283258E-01
 552 1.736245275E+00 9.285211563E-01 6.195332408E-01
 553 -6.487144232E-01 -6.673017740E-01 5.908297896E-01
 554 6.323609352E-01 -2.911042050E-02 5.622072890E-02
 555 -7.098894119E-01 -4.867641628E-01 4.600502923E-02
 556 -6.095635295E-01 3.659748137E-01 -6.290230155E-01
 557 -3.707615137E-01 7.709921598E-01 6.521973014E-01
 558 2.176563263E+00 3.188814521E-01 3.361325264E-01
 559 2.205369473E+00 -1.411739588E-01 5.408540964E-01
 560 1.886622310E+00 8.470674753E-01 4.266699255E-01
 561 1.504917145E+00 7.811053991E-01 -7.728121877E-01
 562 6.456765532E-02 -4.513209462E-01 -8.003387451E-01
 563 1.288574696E+00 -6.473292708E-01 6.202152967E-01
 564 2.318672180E+00 8.021293283E-01 -3.217745721E-01
 565 2.543937445E+00 -4.063138664E-01 2.931114733E-01
 566 1.937330365E+00 -8.716760576E-02 -1.376751959E-01
 567 -4.963300824E-01 -9.532760829E-02 -5.879771709E-01
 568 1.944038033E+00 8.638974279E-02 8.402858377E-01
 569 -7.295853496E-01 9.029276967E-01 -3.186111748E-01
 570 -6.249082088E-01 -2.344693691E-01 2.949019969E-01
 571 1.326006293E+00 -7.363601923E-01 -1.031862646E-01
 572 1.807055593E+00 -5.782991648E-01 -6.336506009E-01
 573 2.087859631E+00 8.016425967E-01 -3.256681263E-01
 574 -2.842779756E-01 1.191453457E+00 -2.345398813E-02
 575 9.522535205E-01 9.251864254E-02 2.115823179E-01
 576 6.268521547E-01 -2.533334792E-01 2.002869695E-01
 577 7.925301194E-01 -9.559902549E-02 -5.834170058E-02
 578 -5.777170658E-01 2.982460707E-02 3.978156447E-01
 579 2.088391304E+00 8.171461821E-01 2.966224551E-01
 580 1.664742947E+00 -4.281283319E-01 -7.853097916E-01
 581 1.116009116E+00 1.045675993E+00 2.136769295E-01
 582 8.581733704E-01 -3.635488749E-01 -8.992046118E-02
 583 -6.371235251E-01 5.796287656E-01 3.485474586E-01
 584 -5.943414569E-01 -1.239306480E-02 -3.955628276E-01
 585 4.208304882E-01 -3.747130632E-01 4.180656970E-01
 586 8.748562932E-01 3.810726404E-01 5.383681059E-01
 587 7.784627676E-01 8.160492778E-01 -1.449454725E-01
 588 8.359555602E-01 5.674915314E-01 2.117453068E-01
 589 2.051781416E+00 -6.142060161E-01 -1.868260950E-01
 590 7.436428070E-01 5.035669208E-01 -2.841190100E-01
 591 8.618571758E-01 3.786170185E-01 -4.127458632E-01
 592 9.885650873E-01 2.025398165E-01 -3.944602609E-01
 593 1.956852078E+00 4.798556864E-01 -2.876333892E-01
 594 -4.816985130E-01 5.973248482E-01 -6.359434128E-01
 595 -5.126558542E-01 1.922408938E-01 -4.913596213E-01
 596 -1.531140208E-01 5.139098316E-02 -1.881489754E-01
 597 -7.013397813E-01 -4.140800238E-02 5.671473145E-01
 598 8.838557601E-01 -2.083335072E-01 2.054806203E-01
 599 1.065338731E+00 4.036379233E-02 6.818769127E-02
 600 2.252883434E+00 -8.943498135E-02 -3.906811178E-01
 601 7.005395889E-01 -7.075455189E-01 2.844464220E-02
 602 2.143925190E+00 -4.591623545E-01 -3.441651165E-01
 603 1.954648137E+00 -2.479710877E-01 5.834993124E-01
 604 1.813827515E+00 1.050248861E+00 7.577699423E-01
 605 2.295561075E+00 5.446702838E-01 -1.493571252E-01
 606 -4.560623765E-01 8.968676329E-01 1.635680646E-01
 607 -1.714882702E-01 7.294295430E-01 -8.544349670E-01
 608 6.551431417E-01 -5.367869511E-02 -2.093125433E-01
 609 3.501195088E-02 -5.290430784E-01 -5.124864578E-01
 610 7.640298605E-01 -7.082032561E-01 5.587617159E-01
 611 6.112347841E-01 -7.081555724E-01 8.321589828E-01
 612 1.808951497E+00 1.146748781E+00 -3.589344323E-01
 613 -8.642169237E-01 -4.699618220E-01 1.951052845E-01
 614 -6.469287872E-01 -1.221289709E-01 8.015515804E-01
 615 -6.217278838E-01 -4.558155537E-01 -2.945545614E-01
 616 -6.206247211E-01 6.879705191E-02 1.122447699E-01
 617 -7.860679030E-01 4.991679490E-01 -5.919802189E-01
 618 -2.610895038E-01 2.856719792E-01 4.448046163E-02
 619 1.743120670E+00 3.821420670E-01 6.532101035E-01
 620 9.498308301E-01 -1.551776677E-01 5.650779009E-01
 621 1.110571265E+00 1.593046933E-01 5.639273524E-01
 622 1.960446090E-01 8.527070880E-01 3.829149008E-01
 623 1.091322899E+00 4.361223876E-01 -3.873124421E-01
 624 2.281135082E+00 2.684449963E-02 -6.083979011E-01
 625 2.923234701E-01 6.510092616E-01 -4.669577181E-01
 626 1.046082735E+00 -5.009343028E-01 6.328171492E-01
 627 -6.505435705E-01 -4.766364694E-01 4.096713066E-01
 628 2.834825218E-01 1.056151271E+00 5.594469905E-01
 629 -7.802264690E-01 7.338823080E-01 6.103383303E-01
 630 1.756625175E+00 2.155536860E-01 -8.223169446E-01
 631 -8.469107747E-01 2.509267330E-01 -1.348936707E-01
 632 1.304310441E+00 -4.632775187E-01 -2.344486713E-01
 633 2.134337425E+00 1.109679699E+00 3.908348083E-01
 634 -6.751148105E-01 6.247558594E-01 -2.390629351E-01
 635 3.195317984E-01 6.395129561E-01 -7.645679116E-01
 636 -2.047164142E-01 3.262164593E-01 -1.494744867E-01
 637 1.191365242E+00 -4.552112222E-01 4.633863568E-01
 638 1.914071679E+00 9.710814804E-02 5.161448941E-02
 639 -3.777922392E-01 7.071925998E-01 -2.104230523E-01
 640 -6.485248208E-01 -7.048161030E-01 -3.613378704E-01
 641 1.646680832E+00 7.651265711E-02 -1.772333682E-01
 642 1.863426805E+00 2.785215676E-01 1.313372403E-01
 643 2.061848164E+00 1.208263543E-02 6.425967813E-01
 644 2.938205600E-01 -5.115050077E-01 6.095753908E-01
 645 -1.675985903E-01 9.713875651E-01 -5.314380527E-01
 646 9.182118773E-01 2.533970773E-01 9.058714658E-02
 647 -1.476195902E-01 1.137256846E-01 -1.042677276E-02
 648 2.244535089E-01 -1.117280945E-01 -3.905145526E-01
 649 1.812217683E-01 9.124333858E-01 9.372711927E-02
 650 1.915669799E+00 9.301354289E-01 5.017350316E-01
 651 1.953885436E+00 8.607234359E-01 -3.411359191E-01
 652 -3.645179570E-01 5.563322902E-01 8.281450272E-01
 653 2.058161259E+00 8.519632816E-01 -2.532958798E-02
 654 1.910106540E+00 -2.896863818E-01 1.700240672E-01
 655 1.895547032E+00 1.931761503E-01 -1.541348547E-01
 656 -4.240292311E-01 8.056073636E-02 6.763249636E-02
 657 9.334052205E-01 3.854556680E-01 7.078693062E-02
 658 1.838945746E+00 2.606348395E-01 6.202635765E-01
 659 1.333024979E+00 -4.383019730E-02 -1.876387149E-01
 660 2.095509171E-01 -2.765694559E-01 2.416640818E-01
 661 -4.583942294E-01 -5.050334930E-01 5.866415501E-01
 662 1.891872525E+00 1.024251342E+00 -3.450142741E-01
 663 -4.795610011E-01 8.754311204E-01 -7.926901579E-01
 664 1.643316031E+00 8.856980503E-02 7.754716277E-01
 665 2.108042955E+00 -5.384141803E-01 1.755243540E-01
 666 -6.009531617E-01 -4.280812144E-01 -4.116287082E-02
 667 2.249416262E-01 5.936536789E-01 7.420143485E-01
 668 -5.894123912E-01 7.420339584E-01 5.716058016E-01
 669 -6.644055247E-01 6.530076861E-01 7.454987764E-01
 670 3.385523856E-01 -4.078949243E-02 -6.065115929E-01
 671 1.997312069E+00 -2.714326382E-01 5.792776942E-01
 672 1.877870560E+00 -2.910159826E-01 5.218183398E-01
 673 -3.884090111E-02 6.459606290E-01 8.749384880E-01
 674 2.359224707E-01 -3.744139075E-01 6.815415621E-02
 675 2.560959578E+00 2.036226094E-01 -8.696885109E-01
 676 8.905599713E-01 1.585463434E-01 7.670865208E-02
 677 1.931359410E+00 -4.270817935E-01 -5.808366537E-01
 678 -8.631413579E-01 -6.999991536E-01 8.515757918E-01
 679 1.370511293E+00 4.950536788E-01 2.150896043E-01
 680 1.879459023E-01 1.459696889E-01 7.712006569E-01
 681 -1.474362463E-01 2.467700392E-01 9.801548719E-02
 682 1.624430299E+00 2.390873581E-01 9.585619718E-02
 683 -4.262872636E-01 -4.455336928E-01 -5.925165415E-01
 684 -3.860121965E-01 3.518709242E-01 8.652175218E-02
 685 1.287265271E-01 5.046352148E-01 1.787616760E-01
 686 1.926202774E+00 8.440103531E-01 -5.883568525E-01
 687 -9.023221135E-01 1.114010453E+00 8.317494392E-01
 688 1.352533817E+00 7.017618418E-02 -1.712617725E-01
 689 1.127202392E+00 8.262929320E-01 1.832391322E-01
 690 -9.151157737E-01 7.623731494E-01 4.563395381E-01
 691 1.089398861E+00 5.907571316E-01 -4.700299203E-01
 692 2.505283356E+00 6.319432855E-01 -8.427469730E-01
 693 1.138302803E+00 3.951500356E-01 4.044730589E-02
 694 2.552228451E+00 1.145795703E+00 4.387502670E-01
 695 2.300136805E+00 3.047873676E-01 -7.573601604E-01
 696 2.589479446E+00 1.781870276E-01 8.400977254E-01
 697 5.853990838E-02 -7.271966338E-01 -2.685214579E-01
 698 -9.277148247E-01 2.678878009E-01 -3.145388961E-01
 699 2.448996753E-01 4.830359519E-01 3.617739975E-01
 700 1.220882535E-01 7.564020753E-01 4.715189636E-01
 701 1.586652517E+00 1.991511583E-01 -8.854686022E-01
 702 1.429524541E+00 3.050583601E-01 -7.964997292E-01
 703 1.835081935E+00 2.471102625E-01 -9.236328602E-01
 704 8.882076144E-01 2.942171395E-01 -8.298899233E-02
 705 5.000631139E-02 -3.970483243E-01 4.835369587E-01
 706 -6.758977659E-03 -1.003745198E-01 8.871963024E-01
 707 -2.922729552E-01 6.565252542E-01 7.107421160E-01
 708 1.543981671E+00 1.107311249E+00 2.218565904E-02
 709 -7.898610234E-01 4.316892326E-01 -2.018903345E-01
 710 1.484182119E+00 -6.174526811E-01 5.475203320E-02
 711 1.535780907E+00 -1.106263474E-01 8.748103976E-01
 712 -3.679400086E-01 -3.028938174E-01 8.019584417E-01
 713 1.850970745E+00 -2.992046811E-02 -8.171647191E-01
 714 1.620348334E+00 2.513588071E-01 -6.563936174E-02
 715 -5.517800450E-01 7.357174754E-01 5.394115448E-01
 716 1.841931701E+00 9.908247590E-01 -3.548620045E-01
 717 1.840735674E+00 -1.244566664E-01 7.047625184E-01
 718 1.621399403E+00 1.808264554E-01 7.854332775E-02
 719 2.060975552E+00 -7.034856677E-01 2.051905356E-02
 720 -1.449652016E-01 1.701503098E-01 7.572227716E-02
 721 2.974728942E-01 1.251953989E-01 4.128985852E-02
 722 -2.323020995E-01 2.417050600E-01 7.599693537E-02
 723 8.567214012E-01 1.592103988E-01 -1.397429556E-01
 724 -1.492109448E-01 2.710556984E-01 -8.517962694E-02
 725 -3.369197547E-01 4.266422391E-01 -7.904393673E-01
 726 1.630045891E+00 1.586422473E-01 -8.702864498E-02
 727 -1.548464298E-01 3.169946671E-01 4.385515582E-03
 728 -4.661957622E-01 -5.145599246E-01 -1.537490487E-01
 729 -3.853390515E-01 9.333053827E-01 4.770069122E-01
 730 -1.987596750E-01 1.098906621E-01 -7.681626081E-02
 731 1.659210920E+00 3.261476755E-02 -9.117927551E-01
 732 -3.932074904E-01 7.970115542E-01 7.146173716E-01
 733 4.425626397E-01 1.816502362E-01 -1.957194209E-01
 734 5.104956031E-01 8.284664154E-02 -2.873286307E-01
 735 1.760546803E+00 1.964800954E-01 8.535427600E-02
 736 -2.323747277E-01 2.427041531E-01 9.233793020E-01
 737 -5.053499937E-01 -6.450451612E-01 1.952882260E-01
 738 -6.774246693E-02 6.656472683E-01 5.965106487E-01
 739 1.844993234E+00 1.075278163E+00 7.722868025E-02
 740 1.708803654E+00 1.660485864E-01 -6.341768056E-02
 741 -4.499274492E-01 -3.903076947E-01 1.708419621E-01
 742 -3.446218669E-01 4.228570759E-01 -9.055022597E-01
 743 -4.437423348E-01 4.514837563E-01 5.485045314E-01
 744 6.954891682E-01 1.700162292E-01 1.757829636E-01
 745 1.795608282E+00 6.379655600E-01 6.059361100E-01
 746 -3.018145561E-01 -5.159859061E-01 -1.523888111E-01
 747 1.803461075E+00 9.839296341E-01 -2.258522809E-01
 748 1.430135250E+00 -1.914804727E-01 7.324645519E-01
 749 1.713720679E+00 5.652613044E-01 -5.685577989E-01
 750 3.650674522E-01 3.257844746E-01 -6.310810894E-02
 751 1.746143341E+00 1.130068004E-01 5.062128417E-03
 752 5.035504699E-01 1.295450479E-01 -2.148371488E-01
 753 -3.319618702E-01 -3.479165733E-01 6.233754754E-01
 754 -4.118676782E-01 4.396037757E-01 -8.752573133E-01
 755 -3.373751044E-01 -5.459417105E-01 -3.054782748E-01
 756 -3.023927659E-02 9.923942685E-01 5.321544409E-01
 757 -3.960655034E-01 -5.148668289E-01 5.206528902E-01
 758 -3.382596672E-01 -5.951009393E-01 -4.704579711E-01
 759 1.898936391E+00 7.467734814E-01 -4.551861584E-01
 760 1.698225737E+00 -3.471699059E-01 1.549450457E-01
 761 1.881563902E+00 5.117067695E-01 -7.757446170E-01
 762 1.569767356E+00 -8.153381944E-01 -4.079732001E-01
 763 1.793373942E+00 -5.506918430E-01 -6.054543853E-01
 764 2.019607067E+00 5.344842672E-01 2.331990153E-01
 765 -3.136180341E-01 3.977843225E-01 7.533141971E-01
 766 -3.231908679E-01 1.020892859E+00 1.255415678E-01
 767 1.796626329E+00 9.751150608E-01 1.635402590E-01
 768 1.773490787E+00 8.984277844E-01 4.292584658E-01
 769 2.029364109E+00 -3.054412603E-01 -2.885871828E-01
 770 -1.041315079E+00 -1.670527309E-01 -1.428571492E-01
 771 -1.041315079E+00 -5.377237201E-01 4.305349663E-02
 772 -1.041315079E+00 -2.040769607E-01 1.932988018E-01
 773 -1.041315079E+00 6.644423008E-01 5.983166695E-01
 774 -1.041315079E+00 9.429979920E-01 3.809523880E-01
 775 -1.041315079E+00 5.843662024E-01 2.380952239E-01
 776 -1.041315079E+00 6.351833344E-01 -5.589557886E-01
 777 -1.041315079E+00 8.746871948E-01 -3.197278976E-01
 778 -1.041315079E+00 9.344591498E-01 -6.428571343E-01
 779 -1.041315079E+00 9.259203076E-01 4.761903360E-02
 780 -1.041315079E+00 5.784845352E-01 -1.033210456E-01
 781 -1.041315079E+00 -5.429389477E-01 -3.114185333E-01
 782 -1.041315079E+00 -2.473796904E-01 -5.069627166E-01
 783 -1.041315079E+00 -5.801181793E-01 -6.206737757E-01
 784 -1.041315079E+00 -4.382451177E-01 3.468443453E-01
 785 -1.041315079E+00 9.515368342E-01 6.904761791E-01
 786 -1.041315079E+00 6.491618603E-02 3.972286284E-01
 787 -1.041315079E+00 -9.351218492E-02 6.962271333E-01
 788 -1.041315079E+00 2.060471177E-01 7.196439505E-01
 789 -1.041315079E+00 2.940452397E-01 -6.666666865E-01
 790 -1.041315079E+00 4.456646144E-01 -3.798129559E-01
 791 -1.041315079E+00 1.054809839E-01 -3.802069724E-01
 792 -1.041315079E+00 3.826195002E-01 4.988278151E-01
 793 -1.041315079E+00 -3.890628517E-01 6.190476418E-01
 794 -1.041315079E+00 -6.366895437E-01 5.238094926E-01
 795 -1.041315079E+00 -2.057298273E-02 -6.857445240E-01
 796 -1.041315079E+00 2.803916335E-01 2.086049020E-01
 797 -1.041315079E+00 -6.068035960E-01 7.619047761E-01
 798 -1.041315079E+00 4.583752751E-01 7.752497792E-01
 799 -1.041315079E+00 -3.448404372E-01 -7.628041506E-01
 800 -1.041315079E+00 3.006561399E-01 -1.671064645E-01
 801 -1.041315079E+00 5.194462836E-02 8.078114688E-02
 802 -1.041315079E+00 2.263518870E-01 -2.203634474E-03
 803 -1.041315079E+00 -6.762582064E-01 2.970272005E-01
 804 -1.041315079E+00 3.925493956E-01 2.428283915E-02
 805 -1.041315079E+00 6.270604730E-01 -7.857142687E-01
 806 -1.041315079E+00 -2.113343626E-01 4.414426088E-01
 807 -1.041315079E+00 9.739007056E-02 -1.368220896E-01
 808 -1.041315079E+00 -8.843162656E-01 -1.000000000E+00
 809 -1.041315079E+00 -8.843162656E-01 -7.142857313E-01
 810 -1.041315079E+00 -5.769175887E-01 -1.000000000E+00
 811 -1.041315079E+00 1.267474413E+00 1.000000000E+00
 812 -1.041315079E+00 1.267474413E+00 7.142857313E-01
 813 -1.041315079E+00 9.600757360E-01 1.000000000E+00
 814 -1.041315079E+00 1.267474413E+00 -1.000000000E+00
 815 -1.041315079E+00 9.600757360E-01 -1.000000000E+00
 816 -1.041315079E+00 1.267474413E+00 -7.142857313E-01
 817 -1.041315079E+00 3.787973523E-02 -1.000000000E+00
 818 -1.041315079E+00 3.452783823E-01 -1.000000000E+00
 819 -1.041315079E+00 1.267474413E+00 4.285714328E-01
 820 -1.041315079E+00 1.267474413E+00 1.428571492E-01
 821 -1.041315079E+00 1.267474413E+00 -1.428571492E-01
 822 -1.041315079E+00 1.267474413E+00 -4.285714328E-01
 823 -1.041315079E+00 -8.843162656E-01 1.428571492E-01
 824 -1.041315079E+00 -8.843162656E-01 -1.428571492E-01
 825 -1.041315079E+00 3.787973523E-02 1.000000000E+00
 826 -1.041315079E+00 3.452783823E-01 1.000000000E+00
 827 -1.041315079E+00 -8.843162656E-01 -4.285714328E-01
 828 -1.041315079E+00 6.526770592E-01 1.000000000E+00
 829 -1.041315079E+00 -2.695189118E-01 1.000000000E+00
 830 -1.041315079E+00 -8.843162656E-01 7.142857313E-01
 831 -1.041315079E+00 -8.843162656E-01 4.285714328E-01
 832 -1.041315079E+00 -2.695189118E-01 -1.000000000E+00
 833 -1.041315079E+00 -8.843162656E-01 1.000000000E+00
 834 -1.041315079E+00 -5.769175887E-01 1.000000000E+00
 835 -1.041315079E+00 6.526770592E-01 -1.000000000E+00
 836 1.261793375E+00 1.267474413E+00 4.928057790E-01
 837 1.382641077E+00 1.267474413E+00 1.858279109E-01
 838 1.073601961E+00 1.267474413E+00 3.333333433E-01
 839 2.122092962E+00 1.267474413E+00 5.745272636E-01
 840 2.396600962E+00 1.267474413E+00 3.417862952E-01
 841 2.111529112E+00 1.267474413E+00 2.236991227E-01
 842 2.043061733E+00 1.267474413E+00 -1.047133207E-01
 843 2.390427113E+00 1.267474413E+00 2.643087320E-02
 844 5.277120471E-01 1.267474413E+00 -5.350415036E-02
 845 2.020550519E-01 1.267474413E+00 -1.767842472E-01
 846 2.084086388E-01 1.267474413E+00 1.428571343E-01
 847 1.671283484E+00 1.267474413E+00 -3.656462952E-02
 848 1.370822072E+00 1.267474413E+00 -1.349307895E-01
 849 4.847898483E-01 1.267474413E+00 3.214285672E-01
 850 4.580462277E-01 1.267474413E+00 6.236422658E-01
 851 7.611710429E-01 1.267474413E+00 5.000000000E-01
 852 2.375658751E+00 1.267474413E+00 -3.021868467E-01
 853 8.190333843E-01 1.267474413E+00 1.687595099E-01
 854 1.815234065E+00 1.267474413E+00 -3.251598179E-01
 855 -2.670193315E-01 1.267474413E+00 -3.088644706E-02
 856 -4.570642412E-01 1.267474413E+00 2.805275917E-01
 857 -1.280554384E-01 1.267474413E+00 2.857142687E-01
 858 2.403436184E+00 1.267474413E+00 6.666666865E-01
 859 6.763056517E-01 1.267474413E+00 -3.556213081E-01
 860 9.309541583E-01 1.267474413E+00 -3.803538978E-01
 861 8.368080258E-01 1.267474413E+00 -6.661584377E-01
 862 1.871156335E+00 1.267474413E+00 -5.565241575E-01
 863 1.638381004E+00 1.267474413E+00 -5.357142687E-01
 864 -3.042985499E-01 1.267474413E+00 6.190475821E-01
 865 -1.000135578E-02 1.267474413E+00 6.750857234E-01
 866 -6.089749336E-01 1.267474413E+00 5.394630432E-01
 867 2.090629637E-01 1.267474413E+00 4.487434924E-01
 868 -9.184464067E-02 1.267474413E+00 -3.480128348E-01
 869 -3.773993552E-01 1.267474413E+00 -3.482142985E-01
 870 -3.459849656E-01 1.267474413E+00 -6.708796024E-01
 871 1.672261715E+00 1.267474413E+00 2.678458989E-01
 872 -1.311535388E-02 1.267474413E+00 -7.070376277E-01
 873 1.157718062E+00 1.267474413E+00 7.500000000E-01
 874 1.444501519E+00 1.267474413E+00 7.091118693E-01
 875 1.337966681E+00 1.267474413E+00 -5.000000000E-01
 876 1.446115851E+00 1.267474413E+00 -7.500000000E-01
 877 1.157718062E+00 1.267474413E+00 -7.500000000E-01
 878 -5.386217237E-01 1.267474413E+00 -5.952402949E-03
 879 -7.518979311E-01 1.267474413E+00 2.717268467E-01
 880 -6.764779091E-01 1.267474413E+00 -2.491163164E-01
 881 4.823772013E-01 1.267474413E+00 -6.326432228E-01
 882 1.144139409E+00 1.267474413E+00 -2.563154697E-01
 883 9.152156711E-01 1.267474413E+00 -1.303673685E-01
 884 1.740521908E+00 1.267474413E+00 -7.678571343E-01
 885 -1.529114414E-02 1.267474413E+00 -2.542242594E-02
 886 1.566737533E+00 1.267474413E+00 -3.064739108E-01
 887 -5.753051043E-01 1.267474413E+00 -5.002914071E-01
 888 -6.782087088E-01 1.267474413E+00 -7.265159488E-01
 889 -7.942243218E-01 1.267474413E+00 -4.769345522E-01
 890 1.093046784E+00 1.267474413E+00 -5.063658953E-01
 891 2.095311165E+00 1.267474413E+00 -4.507546723E-01
 892 2.328475714E+00 1.267474413E+00 -6.862245202E-01
 893 1.892731786E+00 1.267474413E+00 3.988095224E-01
 894 1.680973530E+00 1.267474413E+00 5.500741005E-01
 895 1.998323202E-01 1.267474413E+00 -4.775550961E-01
 896 -8.449208140E-01 1.267474413E+00 5.405928493E-01
 897 -7.869642973E-01 1.267474413E+00 7.559523582E-01
 898 1.671560764E+00 1.267474413E+00 7.898635268E-01
 899 1.867697358E+00 1.267474413E+00 6.994047761E-01
 900 2.015172005E+00 1.267474413E+00 -7.469065189E-01
 901 1.007197261E+00 1.267474413E+00 5.559645891E-01
 902 8.693202138E-01 1.267474413E+00 7.500000000E-01
 903 2.325996906E-01 1.267474413E+00 7.387283444E-01
 904 -8.099255562E-01 1.267474413E+00 3.331626765E-03
 905 1.151709795E+00 1.267474413E+00 4.166666791E-02
 906 4.176564515E-01 1.267474413E+00 -3.392215967E-01
 907 1.878173590E+00 1.267474413E+00 1.498153210E-01
 908 1.505100131E+00 1.267474413E+00 4.225969315E-01
 909 6.456080675E-01 1.267474413E+00 7.464602590E-01
 910 2.231509089E-01 1.267474413E+00 -7.457780838E-01
 911 -5.326134562E-01 1.267474413E+00 7.976190448E-01
 912 -7.529173493E-01 1.267474413E+00 -1.000000000E+00
 913 2.707855940E+00 1.267474413E+00 1.000000000E+00
 914 2.707855940E+00 1.267474413E+00 7.142857313E-01
 915 2.419458151E+00 1.267474413E+00 1.000000000E+00
 916 2.707855940E+00 1.267474413E+00 -1.000000000E+00
 917 2.419458151E+00 1.267474413E+00 -1.000000000E+00
 918 2.707855940E+00 1.267474413E+00 -7.142857313E-01
 919 1.122760177E-01 1.267474413E+00 -1.000000000E+00
 920 4.006738067E-01 1.267474413E+00 -1.000000000E+00
 921 -4.645195603E-01 1.267474413E+00 -1.000000000E+00
 922 -1.761217713E-01 1.267474413E+00 -1.000000000E+00
 923 2.131060600E+00 1.267474413E+00 -1.000000000E+00
 924 2.707855940E+00 1.267474413E+00 4.285714328E-01
 925 2.707855940E+00 1.267474413E+00 1.428571492E-01
 926 6.890715957E-01 1.267474413E+00 -1.000000000E+00
 927 9.774693847E-01 1.267474413E+00 -1.000000000E+00
 928 -1.761217713E-01 1.267474413E+00 1.000000000E+00
 929 1.122760177E-01 1.267474413E+00 1.000000000E+00
 930 2.707855940E+00 1.267474413E+00 -1.428571492E-01
 931 2.707855940E+00 1.267474413E+00 -4.285714328E-01
 932 9.774693847E-01 1.267474413E+00 1.000000000E+00
 933 1.265867114E+00 1.267474413E+00 1.000000000E+00
 934 1.265867114E+00 1.267474413E+00 -1.000000000E+00
 935 2.131060600E+00 1.267474413E+00 1.000000000E+00
 936 6.890715957E-01 1.267474413E+00 1.000000000E+00
 937 1.554264903E+00 1.267474413E+00 1.000000000E+00
 938 1.554264903E+00 1.267474413E+00 -1.000000000E+00
 939 1.842662692E+00 1.267474413E+00 -1.000000000E+00
 940 -7.529173493E-01 1.267474413E+00 1.000000000E+00
 941 1.842662692E+00 1.267474413E+00 1.000000000E+00
 942 4.006738067E-01 1.267474413E+00 1.000000000E+00
 943 -4.645195603E-01 1.267474413E+00 1.000000000E+00
 944 2.707855940E+00 3.180647790E-01 6.092297658E-02
 945 2.707855940E+00 5.757637024E-01 -1.500575244E-01
 946 2.707855940E+00 6.113609672E-01 1.900110096E-01
 947 2.707855940E+00 -2.624031901E-01 5.873016119E-01
 948 2.707855940E+00 -5.598398447E-01 3.809523880E-01
 949 2.707855940E+00 -2.522789836E-01 2.443137765E-01
 950 2.707855940E+00 -2.453995049E-01 -5.004832745E-01
 951 2.707855940E+00 -5.461336374E-01 -3.064126372E-01
 952 2.707855940E+00 -5.672605634E-01 -6.224894524E-01
 953 2.707855940E+00 2.962387204E-01 3.158262670E-01
 954 2.707855940E+00 -5.427621603E-01 4.761903360E-02
 955 2.707855940E+00 -1.670526862E-01 -1.428571492E-01
 956 2.707855940E+00 2.796721160E-01 6.232489944E-01
 957 2.707855940E+00 5.193014741E-01 4.673039019E-01
 958 2.707855940E+00 -5.683786869E-01 6.904761791E-01
 959 2.707855940E+00 2.507860065E-01 -6.863131523E-01
 960 2.707855940E+00 3.675127327E-01 -4.124794900E-01
 961 2.707855940E+00 6.775178015E-02 -4.194002450E-01
 962 2.707855940E+00 9.294651151E-01 -3.287945092E-01
 963 2.707855940E+00 9.088426232E-01 -1.986821552E-08
 964 2.707855940E+00 9.547389150E-01 2.728174627E-01
 965 2.707855940E+00 8.178515360E-03 4.379532933E-01
 966 2.707855940E+00 7.962300777E-01 -5.997203588E-01
 967 2.707855940E+00 1.046423554E+00 -5.592297912E-01
 968 2.707855940E+00 2.080207132E-02 7.380952239E-01
 969 2.707855940E+00 -5.913895741E-02 -7.116038799E-01
 970 2.707855940E+00 6.440469623E-01 -4.211253226E-01
 971 2.707855940E+00 5.223789215E-01 -6.838141680E-01
 972 2.707855940E+00 5.240394473E-01 6.948469281E-01
 973 2.707855940E+00 7.381861210E-01 6.389001012E-01
 974 2.707855940E+00 1.024117112E+00 5.357142687E-01
 975 2.707855940E+00 9.920964241E-01 7.678571343E-01
 976 2.707855940E+00 9.920964241E-01 -7.678571343E-01
 977 2.707855940E+00 -3.472761512E-01 -7.628581524E-01
 978 2.707855940E+00 1.487997621E-01 -1.454515010E-01
 979 2.707855940E+00 4.085448757E-02 1.155173779E-01
 980 2.707855940E+00 7.695409060E-01 4.209493399E-01
 981 2.707855940E+00 -8.843162656E-01 1.000000000E+00
 982 2.707855940E+00 -8.843162656E-01 7.142857313E-01
 983 2.707855940E+00 -5.769175887E-01 1.000000000E+00
 984 2.707855940E+00 -8.843162656E-01 -1.000000000E+00
 985 2.707855940E+00 -5.769175887E-01 -1.000000000E+00
 986 2.707855940E+00 -8.843162656E-01 -7.142857313E-01
 987 2.707855940E+00 3.452783823E-01 -1.000000000E+00
 988 2.707855940E+00 3.787973523E-02 -1.000000000E+00
 989 2.707855940E+00 -8.843162656E-01 4.285714328E-01
 990 2.707855940E+00 -8.843162656E-01 1.428571492E-01
 991 2.707855940E+00 -8.843162656E-01 -1.428571492E-01
 992 2.707855940E+00 -8.843162656E-01 -4.285714328E-01
 993 2.707855940E+00 -2.695189118E-01 1.000000000E+00
 994 2.707855940E+00 3.452783823E-01 1.000000000E+00
 995 2.707855940E+00 3.787973523E-02 1.000000000E+00
 996 2.707855940E+00 -2.695189118E-01 -1.000000000E+00
 997 2.707855940E+00 6.526770592E-01 -1.000000000E+00
 998 2.707855940E+00 6.526770592E-01 1.000000000E+00
 999 2.707855940E+00 9.600757360E-01 1.000000000E+00
 1000 2.707855940E+00 9.600757360E-01 -1.000000000E+00
 1001 1.665418148E+00 -8.843162656E-01 -2.483526940E-09
 1002 2.034927845E+00 -8.843162656E-01 -1.428571492E-01
 1003 2.034927845E+00 -8.843162656E-01 1.428571343E-01
 1004 1.271584392E+00 -8.843162656E-01 4.852737188E-01
 1005 1.014802098E+00 -8.843162656E-01 6.249690056E-01
 1006 1.073601961E+00 -8.843162656E-01 3.333333433E-01
 1007 1.788513064E+00 -8.843162656E-01 3.224118054E-01
 1008 1.802821159E+00 -8.843162656E-01 -3.645738065E-01
 1009 6.547116637E-01 -8.843162656E-01 7.081473470E-01
 1010 3.102129996E-01 -8.843162656E-01 4.509730935E-01
 1011 5.929389000E-01 -8.843162656E-01 3.333333433E-01
 1012 1.337966561E+00 -8.843162656E-01 1.666666716E-01
 1013 1.354677081E+00 -8.843162656E-01 -1.749869883E-01
 1014 -6.968400478E-01 -8.843162656E-01 4.999999702E-01
 1015 -2.673020065E-01 -8.843162656E-01 3.945006430E-01
 1016 -3.804295659E-01 -8.843162656E-01 7.179110050E-01
 1017 3.268468427E-03 -8.843162656E-01 6.624149680E-01
 1018 -3.522801697E-01 -8.843162656E-01 -4.130525291E-01
 1019 -7.133198977E-01 -8.843162656E-01 -5.509777069E-01
 1020 -4.181275666E-01 -8.843162656E-01 -7.289770246E-01
 1021 6.604021788E-01 -8.843162656E-01 -3.504416943E-01
 1022 8.368931413E-01 -8.843162656E-01 -6.590635777E-01
 1023 8.893004656E-01 -8.843162656E-01 -3.919078410E-01
 1024 1.750689745E+00 -8.843162656E-01 -6.829784513E-01
 1025 1.998878121E+00 -8.843162656E-01 -4.880952537E-01
 1026 2.371392012E+00 -8.843162656E-01 -2.857142985E-01
 1027 2.251226187E+00 -8.843162656E-01 -6.428571343E-01
 1028 1.735803843E+00 -8.843162656E-01 6.546393037E-01
 1029 2.030127287E+00 -8.843162656E-01 4.640994966E-01
 1030 2.371392012E+00 -8.843162656E-01 2.857142687E-01
 1031 2.251226187E+00 -8.843162656E-01 6.428571343E-01
 1032 -7.490149736E-01 -8.843162656E-01 -2.745154798E-01
 1033 2.371392012E+00 -8.843162656E-01 -1.986821552E-08
 1034 2.963643968E-01 -8.843162656E-01 7.642455101E-01
 1035 8.300747871E-01 -8.843162656E-01 4.242413938E-01
 1036 1.290178180E+00 -8.843162656E-01 -4.860158265E-01
 1037 1.157717943E+00 -8.843162656E-01 -7.500000000E-01
 1038 1.446115732E+00 -8.843162656E-01 -7.500000000E-01
 1039 5.708068013E-01 -8.843162656E-01 -3.619927168E-02
 1040 8.278007507E-01 -8.843162656E-01 1.539686620E-01
 1041 4.796005785E-01 -8.843162656E-01 -6.351945996E-01
 1042 1.091015458E+00 -8.843162656E-01 -2.803143263E-01
 1043 8.444851041E-01 -8.843162656E-01 -1.508150250E-01
 1044 6.663511693E-02 -8.843162656E-01 2.649031281E-01
 1045 3.361557126E-01 -8.843162656E-01 1.227518395E-01
 1046 2.497565985E+00 -8.843162656E-01 -5.678571463E-01
 1047 2.497565985E+00 -8.843162656E-01 5.678571463E-01
 1048 -7.248787284E-01 -8.843162656E-01 7.500000000E-01
 1049 -2.785860598E-01 -8.843162656E-01 -9.906300157E-02
 1050 -6.225490198E-02 -8.843162656E-01 -2.455876321E-01
 1051 -2.370651113E-03 -8.843162656E-01 -5.231959224E-01
 1052 1.906343102E-01 -8.843162656E-01 -7.194983959E-01
 1053 -7.684566081E-02 -8.843162656E-01 -7.434731126E-01
 1054 1.537750363E+00 -8.843162656E-01 3.398487866E-01
 1055 1.433120012E+00 -8.843162656E-01 7.043916583E-01
 1056 1.557948589E+00 -8.843162656E-01 -4.595682025E-01
 1057 1.053021073E+00 -8.843162656E-01 -5.134603381E-01
 1058 1.869140714E-01 -8.843162656E-01 -3.971976936E-01
 1059 1.180643812E-01 -8.843162656E-01 -4.730410129E-02
 1060 1.097714543E+00 -8.843162656E-01 1.777588390E-02
 1061 2.449499607E+00 -8.843162656E-01 7.678571343E-01
 1062 2.449499607E+00 -8.843162656E-01 -7.678571343E-01
 1063 -4.386063814E-01 -8.843162656E-01 1.557190269E-01
 1064 -7.655813098E-01 -8.843162656E-01 1.847311854E-01
 1065 -5.693598986E-01 -8.843162656E-01 -7.885275781E-02
 1066 -7.168676853E-01 -8.843162656E-01 -7.738095522E-01
 1067 2.012205124E+00 -8.843162656E-01 -6.960546970E-01
 1068 1.998900652E+00 -8.843162656E-01 7.361172438E-01
 1069 -1.282880157E-01 -8.843162656E-01 7.318207622E-02
 1070 3.830023110E-01 -8.843162656E-01 -2.189089060E-01
 1071 -8.320906162E-01 -8.843162656E-01 -2.693574689E-02
 1072 1.220261097E+00 -8.843162656E-01 7.462254167E-01
 1073 1.122760177E-01 -8.843162656E-01 1.000000000E+00
 1074 -1.761217713E-01 -8.843162656E-01 1.000000000E+00
 1075 4.006738067E-01 -8.843162656E-01 -1.000000000E+00
 1076 1.122760177E-01 -8.843162656E-01 -1.000000000E+00
 1077 6.890715957E-01 -8.843162656E-01 1.000000000E+00
 1078 4.006738067E-01 -8.843162656E-01 1.000000000E+00
 1079 9.774693847E-01 -8.843162656E-01 1.000000000E+00
 1080 1.842662692E+00 -8.843162656E-01 -1.000000000E+00
 1081 1.554264903E+00 -8.843162656E-01 -1.000000000E+00
 1082 1.842662692E+00 -8.843162656E-01 1.000000000E+00
 1083 1.554264903E+00 -8.843162656E-01 1.000000000E+00
 1084 9.774693847E-01 -8.843162656E-01 -1.000000000E+00
 1085 6.890715957E-01 -8.843162656E-01 -1.000000000E+00
 1086 -4.645195603E-01 -8.843162656E-01 1.000000000E+00
 1087 -1.761217713E-01 -8.843162656E-01 -1.000000000E+00
 1088 -4.645195603E-01 -8.843162656E-01 -1.000000000E+00
 1089 1.265867114E+00 -8.843162656E-01 -1.000000000E+00
 1090 1.265867114E+00 -8.843162656E-01 1.000000000E+00
 1091 -7.529173493E-01 -8.843162656E-01 1.000000000E+00
 1092 2.419458151E+00 -8.843162656E-01 1.000000000E+00
 1093 2.131060600E+00 -8.843162656E-01 1.000000000E+00
 1094 2.419458151E+00 -8.843162656E-01 -1.000000000E+00
 1095 2.131060600E+00 -8.843162656E-01 -1.000000000E+00
 1096 -7.529173493E-01 -8.843162656E-01 -1.000000000E+00
 1097 -2.847000957E-01 6.677725315E-01 1.000000000E+00
 1098 -6.872779727E-01 7.962955236E-01 1.000000000E+00
 1099 -6.627929807E-01 4.797653258E-01 1.000000000E+00
 1100 1.995784283E+00 5.924634337E-01 1.000000000E+00
 1101 2.329333782E+00 4.797653258E-01 1.000000000E+00
 1102 2.295522451E+00 7.683227062E-01 1.000000000E+00
 1103 4.807842970E-01 9.088426232E-01 1.000000000E+00
 1104 9.825668484E-02 7.615474463E-01 1.000000000E+00
 1105 3.602317870E-01 5.677011013E-01 1.000000000E+00
 1106 5.172569752E-01 -5.532049537E-01 1.000000000E+00
 1107 5.308030248E-01 -1.856702864E-01 1.000000000E+00
 1108 1.987285912E-01 -3.346276581E-01 1.000000000E+00
 1109 7.167473435E-01 6.613091230E-01 1.000000000E+00
 1110 1.710551858E+00 -1.721607596E-01 1.000000000E+00
 1111 1.425672531E+00 -2.733890116E-01 1.000000000E+00
 1112 1.671007514E+00 -5.319034457E-01 1.000000000E+00
 1113 2.029348612E+00 -7.602243870E-02 1.000000000E+00
 1114 2.162812710E+00 -3.979393840E-01 1.000000000E+00
 1115 2.383408546E+00 -1.542444229E-01 1.000000000E+00
 1116 1.732737184E+00 1.144117415E-01 1.000000000E+00
 1117 4.526079167E-03 4.341562390E-01 1.000000000E+00
 1118 2.596861720E-01 2.439705133E-01 1.000000000E+00
 1119 -6.797258556E-02 7.630457729E-02 1.000000000E+00
 1120 1.404916048E+00 2.190253884E-01 1.000000000E+00
 1121 1.680438876E+00 4.029156566E-01 1.000000000E+00
 1122 -3.856892586E-01 9.901631474E-01 1.000000000E+00
 1123 -3.383454978E-01 2.876411676E-01 1.000000000E+00
 1124 -4.164540768E-01 -7.557608932E-02 1.000000000E+00
 1125 2.004886389E+00 2.876411676E-01 1.000000000E+00
 1126 -7.669563293E-01 -8.106765896E-02 1.000000000E+00
 1127 -6.506458521E-01 -3.480426669E-01 1.000000000E+00
 1128 1.074460268E+00 -3.710702658E-01 1.000000000E+00
 1129 1.325950027E+00 -5.641093254E-01 1.000000000E+00
 1130 1.023532867E+00 6.975060701E-01 1.000000000E+00
 1131 8.408872485E-01 9.668511748E-01 1.000000000E+00
 1132 2.356371164E+00 1.627604514E-01 1.000000000E+00
 1133 2.435931206E+00 -5.027900338E-01 1.000000000E+00
 1134 1.999311566E+00 8.543379903E-01 1.000000000E+00
 1135 1.187759399E+00 4.413405061E-01 1.000000000E+00
 1136 1.049644470E+00 1.684246212E-01 1.000000000E+00
 1137 1.323863149E+00 7.126877904E-01 1.000000000E+00
 1138 -8.617883921E-02 -2.140543461E-01 1.000000000E+00
 1139 1.157717943E+00 9.985005856E-01 1.000000000E+00
 1140 1.452124000E+00 9.792881608E-01 1.000000000E+00
 1141 1.236376286E+00 -6.263934076E-02 1.000000000E+00
 1142 2.069004178E-01 -5.878778920E-02 1.000000000E+00
 1143 -3.130077720E-01 -4.362116158E-01 1.000000000E+00
 1144 -5.636562705E-01 -6.249486208E-01 1.000000000E+00
 1145 7.213813663E-01 1.378725171E-01 1.000000000E+00
 1146 8.673174381E-01 4.157239497E-01 1.000000000E+00
 1147 7.558107376E-01 -3.753250241E-01 1.000000000E+00
 1148 8.390880227E-01 -6.077184677E-01 1.000000000E+00
 1149 1.673955083E+00 6.994262338E-01 1.000000000E+00
 1150 1.755725503E+00 9.862603545E-01 1.000000000E+00
 1151 2.043834627E-01 1.039704442E+00 1.000000000E+00
 1152 -7.007351518E-02 9.931836724E-01 1.000000000E+00
 1153 1.765313148E-01 -6.190781593E-01 1.000000000E+00
 1154 2.230197191E+00 1.027319193E+00 1.000000000E+00
 1155 1.454186559E+00 4.950791001E-01 1.000000000E+00
 1156 1.906890988E+00 -3.440814018E-01 1.000000000E+00
 1157 1.987470388E+00 -6.317659020E-01 1.000000000E+00
 1158 -7.078551650E-01 1.027319193E+00 1.000000000E+00
 1159 -3.081044555E-02 -4.476155341E-01 1.000000000E+00
 1160 -8.599745482E-02 -6.729796529E-01 1.000000000E+00
 1161 -7.054700255E-01 1.913112402E-01 1.000000000E+00
 1162 2.469026566E+00 9.936974645E-01 1.000000000E+00
 1163 -8.024857044E-01 -6.009331346E-01 1.000000000E+00
 1164 4.643849432E-01 1.105365157E-01 1.000000000E+00
 1165 -3.419730067E-01 -6.907824278E-01 1.000000000E+00
 1166 1.097031951E+00 -6.307073832E-01 1.000000000E+00
 1167 1.536539912E+00 -2.721253317E-03 1.000000000E+00
 1168 2.235009193E+00 -6.775505543E-01 1.000000000E+00
 1169 5.914908648E-01 3.907375038E-01 1.000000000E+00
 1170 1.976708770E+00 1.076099277E+00 1.000000000E+00
 1171 8.957785964E-01 -1.237354800E-01 1.000000000E+00
 1172 -2.847000957E-01 6.677725315E-01 -1.000000000E+00
 1173 -6.627929807E-01 4.797653258E-01 -1.000000000E+00
 1174 -6.872779727E-01 7.962955236E-01 -1.000000000E+00
 1175 1.995784283E+00 5.924634337E-01 -1.000000000E+00
 1176 2.295522451E+00 7.683227062E-01 -1.000000000E+00
 1177 2.329333782E+00 4.797653258E-01 -1.000000000E+00
 1178 4.807842970E-01 9.088426232E-01 -1.000000000E+00
 1179 3.602317870E-01 5.677011013E-01 -1.000000000E+00
 1180 9.825668484E-02 7.615474463E-01 -1.000000000E+00
 1181 5.172569752E-01 -5.532049537E-01 -1.000000000E+00
 1182 1.987285912E-01 -3.346276581E-01 -1.000000000E+00
 1183 5.308030248E-01 -1.856702864E-01 -1.000000000E+00
 1184 7.167473435E-01 6.613091230E-01 -1.000000000E+00
 1185 1.710551858E+00 -1.721607596E-01 -1.000000000E+00
 1186 1.671007514E+00 -5.319034457E-01 -1.000000000E+00
 1187 1.425672531E+00 -2.733890116E-01 -1.000000000E+00
 1188 2.029348612E+00 -7.602243870E-02 -1.000000000E+00
 1189 2.383408546E+00 -1.542444229E-01 -1.000000000E+00
 1190 2.162812710E+00 -3.979393840E-01 -1.000000000E+00
 1191 1.732737184E+00 1.144117415E-01 -1.000000000E+00
 1192 4.526079167E-03 4.341562390E-01 -1.000000000E+00
 1193 2.596861720E-01 2.439705133E-01 -1.000000000E+00
 1194 -6.797258556E-02 7.630457729E-02 -1.000000000E+00
 1195 1.404916048E+00 2.190253884E-01 -1.000000000E+00
 1196 1.680438876E+00 4.029156566E-01 -1.000000000E+00
 1197 -3.856892586E-01 9.901631474E-01 -1.000000000E+00
 1198 -3.383454978E-01 2.876411676E-01 -1.000000000E+00
 1199 -4.164540768E-01 -7.557608932E-02 -1.000000000E+00
 1200 2.004886389E+00 2.876411676E-01 -1.000000000E+00
 1201 -6.506458521E-01 -3.480426669E-01 -1.000000000E+00
 1202 -7.669563293E-01 -8.106765896E-02 -1.000000000E+00
 1203 1.074460268E+00 -3.710702658E-01 -1.000000000E+00
 1204 1.325950027E+00 -5.641093254E-01 -1.000000000E+00
 1205 1.023532867E+00 6.975060701E-01 -1.000000000E+00
 1206 8.408872485E-01 9.668511748E-01 -1.000000000E+00
 1207 2.356371164E+00 1.627604514E-01 -1.000000000E+00
 1208 2.435931206E+00 -5.027900338E-01 -1.000000000E+00
 1209 1.999311566E+00 8.543379903E-01 -1.000000000E+00
 1210 1.049644470E+00 1.684246212E-01 -1.000000000E+00
 1211 1.187759399E+00 4.413405061E-01 -1.000000000E+00
 1212 1.323863149E+00 7.126877904E-01 -1.000000000E+00
 1213 -8.617883921E-02 -2.140543461E-01 -1.000000000E+00
 1214 1.157717943E+00 9.985005856E-01 -1.000000000E+00
 1215 1.452124000E+00 9.792881608E-01 -1.000000000E+00
 1216 1.236376286E+00 -6.263934076E-02 -1.000000000E+00
 1217 2.069004178E-01 -5.878778920E-02 -1.000000000E+00
 1218 -3.130077720E-01 -4.362116158E-01 -1.000000000E+00
 1219 -5.636562705E-01 -6.249486208E-01 -1.000000000E+00
 1220 7.213813663E-01 1.378725171E-01 -1.000000000E+00
 1221 8.673174381E-01 4.157239497E-01 -1.000000000E+00
 1222 8.390880227E-01 -6.077184677E-01 -1.000000000E+00
 1223 7.558107376E-01 -3.753250241E-01 -1.000000000E+00
 1224 1.673955083E+00 6.994262338E-01 -1.000000000E+00
 1225 1.755725503E+00 9.862603545E-01 -1.000000000E+00
 1226 -7.007351518E-02 9.931836724E-01 -1.000000000E+00
 1227 2.043834627E-01 1.039704442E+00 -1.000000000E+00
 1228 1.765313148E-01 -6.190781593E-01 -1.000000000E+00
 1229 2.230197191E+00 1.027319193E+00 -1.000000000E+00
 1230 1.454186559E+00 4.950791001E-01 -1.000000000E+00
 1231 1.906890988E+00 -3.440814018E-01 -1.000000000E+00
 1232 1.987470388E+00 -6.317659020E-01 -1.000000000E+00
 1233 -7.078551650E-01 1.027319193E+00 -1.000000000E+00
 1234 -3.081044555E-02 -4.476155341E-01 -1.000000000E+00
 1235 -8.599745482E-02 -6.729796529E-01 -1.000000000E+00
 1236 -7.054700255E-01 1.913112402E-01 -1.000000000E+00
 1237 2.469026566E+00 9.936974645E-01 -1.000000000E+00
 1238 -8.024857044E-01 -6.009331346E-01 -1.000000000E+00
 1239 4.643849432E-01 1.105365157E-01 -1.000000000E+00
 1240 -3.419730067E-01 -6.907824278E-01 -1.000000000E+00
 1241 1.097031951E+00 -6.307073832E-01 -1.000000000E+00
 1242 1.536539912E+00 -2.721253317E-03 -1.000000000E+00
 1243 2.235009193E+00 -6.775505543E-01 -1.000000000E+00
 1244 5.914908648E-01 3.907375038E-01 -1.000000000E+00
 1245 1.976708770E+00 1.076099277E+00 -1.000000000E+00
 1246 8.957785964E-01 -1.237354800E-01 -1.000000000E+00
 1247 -3.841932714E-01 2.106966525E-01 -3.999999911E-02
 1248 -3.841932714E-01 1.760556400E-01 1.999999955E-02
 1249 -3.841932714E-01 1.760556400E-01 -1.999999955E-02
 1250 -3.841932714E-01 2.106966525E-01 3.999999911E-02
 1251 -3.841932714E-01 2.453376651E-01 1.999999955E-02
 1252 -3.841932714E-01 2.453376651E-01 -1.999999955E-02
 1253 1.863806725E+00 2.106966525E-01 -3.999999911E-02
 1254 1.863806725E+00 2.106966525E-01 3.999999911E-02
 1255 1.863806725E+00 2.453376651E-01 1.999999955E-02
 1256 1.863806725E+00 2.453376651E-01 -1.999999955E-02
 1257 1.863806725E+00 1.760556400E-01 -1.999999955E-02
 1258 1.863806725E+00 1.760556400E-01 1.999999955E-02
 1259 1.667306781E+00 2.453376651E-01 -1.999999955E-02
 1260 1.667306781E+00 2.106966525E-01 -3.999999911E-02
 1261 1.667306781E+00 2.106966525E-01 3.999999911E-02
 1262 1.667306781E+00 2.453376651E-01 1.999999955E-02
 1263 1.667306781E+00 1.760556400E-01 1.999999955E-02
 1264 1.667306781E+00 1.760556400E-01 -1.999999955E-02
 1265 1.667306781E+00 2.526988685E-01 2.425000072E-02
 1266 1.667306781E+00 2.526988685E-01 -2.425000072E-02
 1267 1.667306781E+00 1.686944216E-01 -2.425000072E-02
 1268 1.667306781E+00 2.106966525E-01 -4.850000143E-02
 1269 1.667306781E+00 1.686944216E-01 2.425000072E-02
 1270 1.667306781E+00 2.106966525E-01 4.850000143E-02
 1271 1.597306728E+00 2.526988685E-01 2.425000072E-02
 1272 1.597306728E+00 2.526988685E-01 -2.425000072E-02
 1273 1.597306728E+00 2.106966525E-01 -4.850000143E-02
 1274 1.597306728E+00 1.686944216E-01 -2.425000072E-02
 1275 1.597306728E+00 2.106966525E-01 4.850000143E-02
 1276 1.597306728E+00 1.686944216E-01 2.425000072E-02
 1277 1.597306728E+00 1.561370492E-01 3.150000051E-02
 1278 1.597306728E+00 1.561370492E-01 -3.150000051E-02
 1279 1.597306728E+00 2.106966525E-01 6.300000101E-02
 1280 1.597306728E+00 2.652562559E-01 3.150000051E-02
 1281 1.597306728E+00 2.106966525E-01 -6.300000101E-02
 1282 1.597306728E+00 2.652562559E-01 -3.150000051E-02
 1283 1.587306738E+00 2.106966525E-01 -6.300000101E-02
 1284 1.587306738E+00 2.652562559E-01 3.150000051E-02
 1285 1.587306738E+00 1.561370492E-01 -3.150000051E-02
 1286 1.587306738E+00 1.561370492E-01 3.150000051E-02
 1287 1.587306738E+00 2.106966525E-01 6.300000101E-02
 1288 1.587306738E+00 2.652562559E-01 -3.150000051E-02
 1289 1.587306738E+00 9.335020930E-02 6.774999946E-02
 1290 1.587306738E+00 9.335020930E-02 -6.774999946E-02
 1291 1.587306738E+00 3.280431032E-01 -6.774999946E-02
 1292 1.587306738E+00 2.106966525E-01 -1.354999989E-01
 1293 1.587306738E+00 3.280431032E-01 6.774999946E-02
 1294 1.587306738E+00 2.106966525E-01 1.354999989E-01
 1295 1.514806747E+00 9.335020930E-02 -6.774999946E-02
 1296 1.514806747E+00 2.106966525E-01 -1.354999989E-01
 1297 1.514806747E+00 9.335020930E-02 6.774999946E-02
 1298 1.514806747E+00 2.106966525E-01 1.354999989E-01
 1299 1.514806747E+00 3.280431032E-01 6.774999946E-02
 1300 1.514806747E+00 3.280431032E-01 -6.774999946E-02
 1301 1.514806747E+00 -8.635333180E-02 -3.997065425E-01
 1302 1.514806747E+00 -2.661419809E-01 -1.436277479E-01
 1303 1.514806747E+00 -2.576971948E-01 1.691485047E-01
 1304 1.514806747E+00 -6.435257196E-02 4.151529074E-01
 1305 1.514806747E+00 2.375685126E-01 4.972744882E-01
 1306 1.514806747E+00 2.106966525E-01 -4.979999959E-01
 1307 1.514806747E+00 4.629436731E-01 -4.293895960E-01
 1308 1.514806747E+00 5.288818479E-01 3.830955029E-01
 1309 1.514806747E+00 6.945906878E-01 1.176884919E-01
 1310 1.514806747E+00 6.692808867E-01 -1.941764057E-01
 1311 1.567306757E+00 -6.435257196E-02 4.151529074E-01
 1312 1.567306757E+00 2.375685126E-01 4.972744882E-01
 1313 1.567306757E+00 -2.576971948E-01 1.691485047E-01
 1314 1.567306757E+00 -2.661419809E-01 -1.436277479E-01
 1315 1.567306757E+00 -8.635333180E-02 -3.997065425E-01
 1316 1.567306757E+00 2.106966525E-01 -4.979999959E-01
 1317 1.567306757E+00 4.629436731E-01 -4.293895960E-01
 1318 1.567306757E+00 6.692808867E-01 -1.941764057E-01
 1319 1.567306757E+00 6.945906878E-01 1.176884919E-01
 1320 1.567306757E+00 5.288818479E-01 3.830955029E-01
 1321 1.567306757E+00 -3.597061932E-01 1.052791625E-02
 1322 1.567306757E+00 -2.762029767E-01 2.973197103E-01
 1323 1.567306757E+00 -2.868428528E-01 -2.791499197E-01
 1324 1.567306757E+00 -7.758725435E-02 -4.923034012E-01
 1325 1.567306757E+00 -5.922422186E-02 5.026061535E-01
 1326 1.567306757E+00 2.317488939E-01 5.701114535E-01
 1327 1.567306757E+00 2.106966525E-01 -5.705000162E-01
 1328 1.567306757E+00 4.618868232E-01 -5.122243166E-01
 1329 1.567306757E+00 5.169509053E-01 4.813300073E-01
 1330 1.567306757E+00 6.862931252E-01 -3.150844872E-01
 1331 1.567306757E+00 7.181982994E-01 2.605998814E-01
 1332 1.567306757E+00 7.803224921E-01 -3.156940639E-02
 1333 1.460806727E+00 -2.762029767E-01 2.973197103E-01
 1334 1.460806727E+00 -3.597061932E-01 1.052791625E-02
 1335 1.460806727E+00 -5.922422186E-02 5.026061535E-01
 1336 1.460806727E+00 2.317488939E-01 5.701114535E-01
 1337 1.460806727E+00 5.169509053E-01 4.813300073E-01
 1338 1.460806727E+00 -2.868428528E-01 -2.791499197E-01
 1339 1.460806727E+00 2.106966525E-01 -5.705000162E-01
 1340 1.460806727E+00 4.618868232E-01 -5.122243166E-01
 1341 1.460806727E+00 6.862931252E-01 -3.150844872E-01
 1342 1.460806727E+00 -7.758725435E-02 -4.923034012E-01
 1343 1.460806727E+00 7.181982994E-01 2.605998814E-01
 1344 1.460806727E+00 7.803224921E-01 -3.156940639E-02
 1345 1.460806727E+00 -3.764024079E-01 3.253779560E-02
 1346 1.460806727E+00 -3.474093974E-01 1.850990206E-01
 1347 1.460806727E+00 -3.123725653E-01 -2.685937583E-01
 1348 1.460806727E+00 -2.794886827E-01 3.247496486E-01
 1349 1.460806727E+00 -1.049518958E-01 -4.960947335E-01
 1350 1.460806727E+00 1.889986247E-01 -5.875995159E-01
 1351 1.460806727E+00 4.888972938E-01 -5.180235505E-01
 1352 1.460806727E+00 2.106966525E-01 5.879999995E-01
 1353 1.460806727E+00 5.078236461E-01 5.074047446E-01
 1354 1.460806727E+00 7.234981060E-01 2.877128124E-01
 1355 1.460806727E+00 7.985965014E-01 -1.085085887E-02
 1356 1.460806727E+00 7.125318646E-01 -3.064399362E-01
 1357 1.460806727E+00 -4.819873348E-02 5.279366970E-01
 1358 1.450264335E+00 7.305788249E-02 5.932750106E-01
 1359 1.408306718E+00 -4.819873348E-02 5.279366970E-01
 1360 1.434556723E+00 -2.455426902E-01 4.112769663E-01
 1361 1.408306718E+00 2.106966525E-01 5.879999995E-01
 1362 1.434556723E+00 4.392473102E-01 5.701470375E-01
 1363 1.408306718E+00 5.078236461E-01 5.074047446E-01
 1364 1.434556723E+00 6.960261464E-01 3.765080571E-01
 1365 1.408306718E+00 7.234981060E-01 2.877128124E-01
 1366 1.434556723E+00 8.197599053E-01 7.965559512E-02
 1367 1.408306718E+00 7.985965014E-01 -1.085085887E-02
 1368 1.434556723E+00 7.765289545E-01 -2.390331477E-01
 1369 1.408306718E+00 7.125318646E-01 -3.064399362E-01
 1370 1.434556723E+00 5.781844258E-01 -4.921948910E-01
 1371 1.408306718E+00 4.888972938E-01 -5.180235505E-01
 1372 1.434556723E+00 2.790991068E-01 -6.104294658E-01
 1373 1.408306718E+00 1.889986247E-01 -5.875995159E-01
 1374 1.434556723E+00 -3.873758018E-02 -5.613248944E-01
 1375 1.444122910E+00 -3.474254608E-01 2.521673739E-01
 1376 1.408306718E+00 -2.794886827E-01 3.247496486E-01
 1377 1.449319959E+00 -3.867408335E-01 1.216909885E-01
 1378 1.414105177E+00 -3.924992085E-01 -3.900789842E-02
 1379 1.408306718E+00 -3.764024079E-01 3.253779560E-02
 1380 1.408306718E+00 -3.123725653E-01 -2.685937583E-01
 1381 1.408306718E+00 -1.049518958E-01 -4.960947335E-01
 1382 1.434556723E+00 -2.881959975E-01 -3.583422899E-01
 1383 1.408306718E+00 -2.661419809E-01 -1.436277479E-01
 1384 1.408306718E+00 -2.576971948E-01 1.691485047E-01
 1385 1.408306718E+00 -6.435257196E-02 4.151529074E-01
 1386 1.408306718E+00 -8.635333180E-02 -3.997065425E-01
 1387 1.408306718E+00 2.106966525E-01 -4.979999959E-01
 1388 1.408306718E+00 2.375685126E-01 4.972744882E-01
 1389 1.408306718E+00 5.288818479E-01 3.830955029E-01
 1390 1.408306718E+00 4.629436731E-01 -4.293895960E-01
 1391 1.408306718E+00 6.945906878E-01 1.176884919E-01
 1392 1.408306718E+00 6.692808867E-01 -1.941764057E-01
 1393 1.460806727E+00 -6.435257196E-02 4.151529074E-01
 1394 1.460806727E+00 2.375685126E-01 4.972744882E-01
 1395 1.460806727E+00 -2.576971948E-01 1.691485047E-01
 1396 1.460806727E+00 -2.661419809E-01 -1.436277479E-01
 1397 1.460806727E+00 -8.635333180E-02 -3.997065425E-01
 1398 1.460806727E+00 2.106966525E-01 -4.979999959E-01
 1399 1.460806727E+00 4.629436731E-01 -4.293895960E-01
 1400 1.460806727E+00 6.692808867E-01 -1.941764057E-01
 1401 1.460806727E+00 6.945906878E-01 1.176884919E-01
 1402 1.460806727E+00 5.288818479E-01 3.830955029E-01
 1403 1.460806727E+00 9.335020930E-02 6.774999946E-02
 1404 1.460806727E+00 9.335020930E-02 -6.774999946E-02
 1405 1.460806727E+00 2.106966525E-01 -1.354999989E-01
 1406 1.460806727E+00 2.106966525E-01 1.354999989E-01
 1407 1.460806727E+00 3.280431032E-01 -6.774999946E-02
 1408 1.460806727E+00 3.280431032E-01 6.774999946E-02
 1409 1.397306681E+00 2.106966525E-01 1.354999989E-01
 1410 1.397306681E+00 3.280431032E-01 6.774999946E-02
 1411 1.397306681E+00 3.280431032E-01 -6.774999946E-02
 1412 1.397306681E+00 2.106966525E-01 -1.354999989E-01
 1413 1.397306681E+00 9.335020930E-02 -6.774999946E-02
 1414 1.397306681E+00 9.335020930E-02 6.774999946E-02
 1415 1.397306681E+00 1.552710235E-01 3.200000152E-02
 1416 1.397306681E+00 2.106966525E-01 6.400000304E-02
 1417 1.397306681E+00 2.661222816E-01 -3.200000152E-02
 1418 1.397306681E+00 2.106966525E-01 -6.400000304E-02
 1419 1.397306681E+00 2.661222816E-01 3.200000152E-02
 1420 1.397306681E+00 1.552710235E-01 -3.200000152E-02
 1421 1.281306744E+00 1.552710235E-01 3.200000152E-02
 1422 1.281306744E+00 2.106966525E-01 6.400000304E-02
 1423 1.281306744E+00 2.661222816E-01 3.200000152E-02
 1424 1.281306744E+00 1.552710235E-01 -3.200000152E-02
 1425 1.281306744E+00 2.106966525E-01 -6.400000304E-02
 1426 1.281306744E+00 2.661222816E-01 -3.200000152E-02
 1427 9.753067493E-01 2.106966525E-01 -6.400000304E-02
 1428 9.753067493E-01 2.661222816E-01 -3.200000152E-02
 1429 9.753067493E-01 1.552710235E-01 3.200000152E-02
 1430 9.753067493E-01 2.106966525E-01 6.400000304E-02
 1431 9.753067493E-01 2.661222816E-01 3.200000152E-02
 1432 9.753067493E-01 1.552710235E-01 -3.200000152E-02
 1433 9.753067493E-01 1.609001905E-01 2.875000052E-02
 1434 9.753067493E-01 2.106966525E-01 5.750000104E-02
 1435 9.753067493E-01 2.106966525E-01 -5.750000104E-02
 1436 9.753067493E-01 2.604930997E-01 -2.875000052E-02
 1437 9.753067493E-01 1.609001905E-01 -2.875000052E-02
 1438 9.753067493E-01 2.604930997E-01 2.875000052E-02
 1439 7.966402769E-01 1.809151322E-01 4.918649420E-02
 1440 2.463067323E-01 1.609001905E-01 2.875000052E-02
 1441 2.463067323E-01 2.106966525E-01 5.750000104E-02
 1442 4.723665714E-01 1.804840565E-01 4.892288893E-02
 1443 7.475962639E-01 2.679142654E-01 -5.691684317E-03
 1444 2.463067323E-01 1.609001905E-01 -2.875000052E-02
 1445 2.463067323E-01 2.604930997E-01 2.875000052E-02
 1446 2.463067323E-01 2.604930997E-01 -2.875000052E-02
 1447 4.524221122E-01 2.669298053E-01 -1.200342551E-02
 1448 7.162529826E-01 1.688963920E-01 -3.948402777E-02
 1449 2.463067323E-01 2.106966525E-01 -5.750000104E-02
 1450 4.614281356E-01 1.750427037E-01 -4.511148483E-02
 1451 6.108067036E-01 2.231221050E-01 -5.614141375E-02
 1452 2.463067323E-01 1.552710235E-01 -3.200000152E-02
 1453 2.463067323E-01 1.552710235E-01 3.200000152E-02
 1454 2.463067323E-01 2.661222816E-01 3.200000152E-02
 1455 2.463067323E-01 2.661222816E-01 -3.200000152E-02
 1456 2.463067323E-01 2.106966525E-01 6.400000304E-02
 1457 2.463067323E-01 2.106966525E-01 -6.400000304E-02
 1458 8.230673522E-02 2.106966525E-01 -6.400000304E-02
 1459 8.230673522E-02 2.661222816E-01 -3.200000152E-02
 1460 8.230673522E-02 1.552710235E-01 3.200000152E-02
 1461 8.230673522E-02 2.106966525E-01 6.400000304E-02
 1462 8.230673522E-02 1.552710235E-01 -3.200000152E-02
 1463 8.230673522E-02 2.661222816E-01 3.200000152E-02
 1464 8.230673522E-02 9.335020930E-02 6.774999946E-02
 1465 8.230673522E-02 2.106966525E-01 1.354999989E-01
 1466 8.230673522E-02 2.106966525E-01 -1.354999989E-01
 1467 8.230673522E-02 9.335020930E-02 -6.774999946E-02
 1468 8.230673522E-02 3.280431032E-01 -6.774999946E-02
 1469 8.230673522E-02 3.280431032E-01 6.774999946E-02
 1470 1.880673133E-02 2.106966525E-01 1.354999989E-01
 1471 1.880673133E-02 3.280431032E-01 6.774999946E-02
 1472 1.880673133E-02 3.280431032E-01 -6.774999946E-02
 1473 1.880673133E-02 2.106966525E-01 -1.354999989E-01
 1474 1.880673133E-02 9.335020930E-02 -6.774999946E-02
 1475 1.880673133E-02 9.335020930E-02 6.774999946E-02
 1476 1.880673133E-02 -8.635333180E-02 -3.997065425E-01
 1477 1.880673133E-02 -2.661419809E-01 -1.436277479E-01
 1478 1.880673133E-02 -2.576971948E-01 1.691485047E-01
 1479 1.880673133E-02 -6.435257196E-02 4.151529074E-01
 1480 1.880673133E-02 2.375685126E-01 4.972744882E-01
 1481 1.880673133E-02 2.106966525E-01 -4.979999959E-01
 1482 1.880673133E-02 4.629436731E-01 -4.293895960E-01
 1483 1.880673133E-02 5.288818479E-01 3.830955029E-01
 1484 1.880673133E-02 6.945906878E-01 1.176884919E-01
 1485 1.880673133E-02 6.692808867E-01 -1.941764057E-01
 1486 7.130673528E-02 -2.661419809E-01 -1.436277479E-01
 1487 7.130673528E-02 -8.635333180E-02 -3.997065425E-01
 1488 7.130673528E-02 -2.576971948E-01 1.691485047E-01
 1489 7.130673528E-02 -6.435257196E-02 4.151529074E-01
 1490 7.130673528E-02 2.375685126E-01 4.972744882E-01
 1491 7.130673528E-02 5.288818479E-01 3.830955029E-01
 1492 7.130673528E-02 6.945906878E-01 1.176884919E-01
 1493 7.130673528E-02 4.629436731E-01 -4.293895960E-01
 1494 7.130673528E-02 6.692808867E-01 -1.941764057E-01
 1495 7.130673528E-02 2.106966525E-01 -4.979999959E-01
 1496 7.130673528E-02 -3.764024079E-01 3.253779560E-02
 1497 7.130673528E-02 -3.474093974E-01 1.850990206E-01
 1498 7.130673528E-02 -2.794886827E-01 3.247496486E-01
 1499 7.130673528E-02 -3.123725653E-01 -2.685937583E-01
 1500 7.130673528E-02 -1.049518958E-01 -4.960947335E-01
 1501 7.130673528E-02 -4.819873348E-02 5.279366970E-01
 1502 7.130673528E-02 2.106966525E-01 5.879999995E-01
 1503 7.130673528E-02 1.889986247E-01 -5.875995159E-01
 1504 7.130673528E-02 4.888972938E-01 -5.180235505E-01
 1505 7.130673528E-02 5.078236461E-01 5.074047446E-01
 1506 7.130673528E-02 7.125318646E-01 -3.064399362E-01
 1507 7.130673528E-02 7.234981060E-01 2.877128124E-01
 1508 7.130673528E-02 7.985965014E-01 -1.085085887E-02
 1509 7.068464905E-02 7.652711868E-02 5.783212781E-01
 1510 1.880673133E-02 2.106966525E-01 5.879999995E-01
 1511 4.505673051E-02 4.392473102E-01 5.701470375E-01
 1512 1.880673133E-02 -4.819873348E-02 5.279366970E-01
 1513 4.505673051E-02 -2.455426902E-01 4.112769663E-01
 1514 1.880673133E-02 5.078236461E-01 5.074047446E-01
 1515 4.505673051E-02 6.960261464E-01 3.765080571E-01
 1516 1.880673133E-02 7.234981060E-01 2.877128124E-01
 1517 4.505673051E-02 8.197599053E-01 7.965559512E-02
 1518 1.880673133E-02 7.985965014E-01 -1.085085887E-02
 1519 4.505673051E-02 7.765289545E-01 -2.390331477E-01
 1520 1.880673133E-02 7.125318646E-01 -3.064399362E-01
 1521 4.505673051E-02 5.781844258E-01 -4.921948910E-01
 1522 5.462296680E-02 -3.474254608E-01 2.521673739E-01
 1523 1.880673133E-02 -2.794886827E-01 3.247496486E-01
 1524 5.981996283E-02 -3.867408335E-01 1.216909885E-01
 1525 2.460513823E-02 -3.924992085E-01 -3.900789842E-02
 1526 1.880673133E-02 -3.764024079E-01 3.253779560E-02
 1527 1.880673133E-02 -3.123725653E-01 -2.685937583E-01
 1528 1.880673133E-02 4.888972938E-01 -5.180235505E-01
 1529 4.505673051E-02 2.790991068E-01 -6.104294658E-01
 1530 1.880673133E-02 1.889986247E-01 -5.875995159E-01
 1531 4.505673051E-02 -3.873758018E-02 -5.613248944E-01
 1532 1.880673133E-02 -1.049518958E-01 -4.960947335E-01
 1533 4.505673051E-02 -2.881959975E-01 -3.583422899E-01
 1534 1.880673133E-02 -3.597061932E-01 1.052791625E-02
 1535 1.880673133E-02 -2.868428528E-01 -2.791499197E-01
 1536 1.880673133E-02 -2.762029767E-01 2.973197103E-01
 1537 1.880673133E-02 -5.922422186E-02 5.026061535E-01
 1538 1.880673133E-02 -7.758725435E-02 -4.923034012E-01
 1539 1.880673133E-02 2.106966525E-01 -5.705000162E-01
 1540 1.880673133E-02 2.317488939E-01 5.701114535E-01
 1541 1.880673133E-02 5.169509053E-01 4.813300073E-01
 1542 1.880673133E-02 4.618868232E-01 -5.122243166E-01
 1543 1.880673133E-02 6.862931252E-01 -3.150844872E-01
 1544 1.880673133E-02 7.181982994E-01 2.605998814E-01
 1545 1.880673133E-02 7.803224921E-01 -3.156940639E-02
 1546 -8.769326657E-02 -2.762029767E-01 2.973197103E-01
 1547 -8.769326657E-02 -3.597061932E-01 1.052791625E-02
 1548 -8.769326657E-02 -2.868428528E-01 -2.791499197E-01
 1549 -8.769326657E-02 2.106966525E-01 -5.705000162E-01
 1550 -8.769326657E-02 4.618868232E-01 -5.122243166E-01
 1551 -8.769326657E-02 -7.758725435E-02 -4.923034012E-01
 1552 -8.769326657E-02 7.181982994E-01 2.605998814E-01
 1553 -8.769326657E-02 5.169509053E-01 4.813300073E-01
 1554 -8.769326657E-02 7.803224921E-01 -3.156940639E-02
 1555 -8.769326657E-02 -5.922422186E-02 5.026061535E-01
 1556 -8.769326657E-02 2.317488939E-01 5.701114535E-01
 1557 -8.769326657E-02 6.862931252E-01 -3.150844872E-01
 1558 -8.769326657E-02 -2.661419809E-01 -1.436277479E-01
 1559 -8.769326657E-02 -2.576971948E-01 1.691485047E-01
 1560 -8.769326657E-02 -6.435257196E-02 4.151529074E-01
 1561 -8.769326657E-02 -8.635333180E-02 -3.997065425E-01
 1562 -8.769326657E-02 2.106966525E-01 -4.979999959E-01
 1563 -8.769326657E-02 2.375685126E-01 4.972744882E-01
 1564 -8.769326657E-02 4.629436731E-01 -4.293895960E-01
 1565 -8.769326657E-02 5.288818479E-01 3.830955029E-01
 1566 -8.769326657E-02 6.692808867E-01 -1.941764057E-01
 1567 -8.769326657E-02 6.945906878E-01 1.176884919E-01
 1568 -3.519326821E-02 -2.661419809E-01 -1.436277479E-01
 1569 -3.519326821E-02 -8.635333180E-02 -3.997065425E-01
 1570 -3.519326821E-02 2.106966525E-01 -4.979999959E-01
 1571 -3.519326821E-02 -2.576971948E-01 1.691485047E-01
 1572 -3.519326821E-02 -6.435257196E-02 4.151529074E-01
 1573 -3.519326821E-02 2.375685126E-01 4.972744882E-01
 1574 -3.519326821E-02 5.288818479E-01 3.830955029E-01
 1575 -3.519326821E-02 4.629436731E-01 -4.293895960E-01
 1576 -3.519326821E-02 6.692808867E-01 -1.941764057E-01
 1577 -3.519326821E-02 6.945906878E-01 1.176884919E-01
 1578 -3.519326821E-02 9.335020930E-02 6.774999946E-02
 1579 -3.519326821E-02 9.335020930E-02 -6.774999946E-02
 1580 -3.519326821E-02 2.106966525E-01 -1.354999989E-01
 1581 -3.519326821E-02 2.106966525E-01 1.354999989E-01
 1582 -3.519326821E-02 3.280431032E-01 -6.774999946E-02
 1583 -3.519326821E-02 3.280431032E-01 6.774999946E-02
 1584 -1.076932698E-01 9.335020930E-02 -6.774999946E-02
 1585 -1.076932698E-01 2.106966525E-01 -1.354999989E-01
 1586 -1.076932698E-01 9.335020930E-02 6.774999946E-02
 1587 -1.076932698E-01 3.280431032E-01 -6.774999946E-02
 1588 -1.076932698E-01 3.280431032E-01 6.774999946E-02
 1589 -1.076932698E-01 2.106966525E-01 1.354999989E-01
 1590 -1.076932698E-01 1.561370492E-01 3.150000051E-02
 1591 -1.076932698E-01 1.561370492E-01 -3.150000051E-02
 1592 -1.076932698E-01 2.106966525E-01 -6.300000101E-02
 1593 -1.076932698E-01 2.652562559E-01 -3.150000051E-02
 1594 -1.076932698E-01 2.652562559E-01 3.150000051E-02
 1595 -1.076932698E-01 2.106966525E-01 6.300000101E-02
 1596 -1.176932678E-01 2.652562559E-01 3.150000051E-02
 1597 -1.176932678E-01 2.652562559E-01 -3.150000051E-02
 1598 -1.176932678E-01 2.106966525E-01 -6.300000101E-02
 1599 -1.176932678E-01 1.561370492E-01 -3.150000051E-02
 1600 -1.176932678E-01 1.561370492E-01 3.150000051E-02
 1601 -1.176932678E-01 2.106966525E-01 6.300000101E-02
 1602 -1.176932678E-01 1.686944216E-01 -2.425000072E-02
 1603 -1.176932678E-01 1.686944216E-01 2.425000072E-02
 1604 -1.176932678E-01 2.106966525E-01 4.850000143E-02
 1605 -1.176932678E-01 2.526988685E-01 2.425000072E-02
 1606 -1.176932678E-01 2.106966525E-01 -4.850000143E-02
 1607 -1.176932678E-01 2.526988685E-01 -2.425000072E-02
 1608 -1.876932681E-01 2.106966525E-01 -4.850000143E-02
 1609 -1.876932681E-01 2.526988685E-01 -2.425000072E-02
 1610 -1.876932681E-01 2.526988685E-01 2.425000072E-02
 1611 -1.876932681E-01 2.106966525E-01 4.850000143E-02
 1612 -1.876932681E-01 1.686944216E-01 2.425000072E-02
 1613 -1.876932681E-01 1.686944216E-01 -2.425000072E-02
 1614 -1.876932681E-01 1.760556400E-01 -1.999999955E-02
 1615 -1.876932681E-01 1.760556400E-01 1.999999955E-02
 1616 -1.876932681E-01 2.106966525E-01 -3.999999911E-02
 1617 -1.876932681E-01 2.453376651E-01 -1.999999955E-02
 1618 -1.876932681E-01 2.453376651E-01 1.999999955E-02
 1619 -1.876932681E-01 2.106966525E-01 3.999999911E-02