-1241.06
-1224.16
-1228.4
-1235.4
-1251.25
-1252.89
-1195.66
-1230.33
-1171.23
-1173.17
-1199.82
-755.426
-717.755
-660.528
-606.812
-503.809
-502.062
-500.99
-649.415
-822.983
-700.442
-784.215
-774.265
-682.364
-668.717
-964.229
-903.159
-873.884
-935.969
-903.535
-846.802
2521.86
3485.99
4013.78
310.603
-380.222
-609.287
287.829
-231.503
-1862.92
-1926.15
-2256.87
-2627.23
-2638.69
-1906.76
-1859.38
-2553.6
-2357.35
-2250.96
-2750.5
-1442.86
-2093.15
-967.577
-1250.96
-1344.03
-1842.85
-1466.73
-1729.09
-1261.67
-911.812
-1171.71
-1438.13
-1353.05
-857.611
-908.783
-832.216
-1220.65
-1063.2
-987.723
-1041.5
-1014.42
-1039.39
-1056.94
-1088.56
-1098.79
-1026.2
-1118.64
-1039.97
-1076.39
-3165.64
-4453.48
-2222.23
-3123.69
-3551.18
-2362.39
-2204.32
-2525.26
-2700.78
-2422.42
-3246.99
-5041.04
-3074.8
-3589.44
-3361.46
-4270.49
-2551.25
-1669.8
-1599.64
-1602.83
-1516.55
-1298.57
-1419.93
-1363.58
-1570.71
-1508.79
-1309.12
-1404.91
-1096.99
-1016.02
-1184.2
-1208.4
-969.168
-906.111
-998.701
-803.45
-820.856
-943.28
-957.282
-1874.17
-1785.93
-2427.38
-1862.5
-1653.28
-1705.26
-1627.49
-1682.41
-1102.83
-659.605
-3293.68
-3870.89
-3517.05
-3099.16
-1198.05
-1273.4
-1319.74
-1222.74
-1230.71
-1203.83
-1297.22
-1266.04
-1123.94
-902.096
-899.712
-1092.43
-1790.91
-1897.65
-3630.11
-2699.62
-2214.41
-1911.92
-870.294
-1400.66
-2432.49
-2207.78
-2913.63
-1843.93
-1837.76
-1667.28
-1660.3
-2105.46
-3052.87
-3712.08
-3373.17
-4001.1
-2188.45
-4851.73
-3228.3
-4320.37
-2847.46
-3635.35
-5837.41
-2509.94
-1309.73
-1345.7
-1383.88
-1136.48
-1179.03
-1197.8
-1114.47
-1150.19
-1293.14
-1038.56
-1009.62
-1246.99
-1071.19
-1124.52
-1131.43
-1161.9
-1106
-1936.37
-2412.84
-2453.86
-1945.42
-1924.38
-1045.23
-1393.76
-1353.16
-1259.48
-1382.08
-1409.96
-1207.07
-1189.67
-1225.13
-1237.52
-1257.18
-1232.72
-196.801
-194.478
-253.78
-322.109
-242.306
-309.81
-396.115
-368.107
-345.03
-382.216
-190.897
-287.297
-447.172
-383.269
-347.601
-296.044
-1271.53
-1277.09
-1271.58
-1426.37
-1149.18
-1254.74
-1045.45
-999.974
-1045.96
-1137.37
-1176.17
-1097.98
-1086.19
-978.403
-849.866
-847.863
-838.973
-887.497
-1491.9
-1561.06
-1490.09
-1488.84
-1677.55
-1646.68
-1548.92
-1598.36
-1546.58
-1234.89
-1195.82
-1120.92
-1155.61
-1098.96
-1174.52
-1113.32
-1116.12
-1076.68
-1131.96
-1158.8
-1085.66
-1157.74
-1062.12
-1196.86
-1230.42
-1241.89
-1439.94
-1350.51
-1077.54
-1757.36
-1007.53
-1216.64
-1156.43
-1174.45
-1128.45
-1051.28
-1057.95
-1448.35
-1107.3
-1178.5
-1259.64
-1335.24
-1416.18
-1419.86
-1337.83
-1427.4
-1359.22
-1455.34
-1598.99
-1634.92
-1617.47
-1670.76
-555.135
-594.353
-752.84
-722.486
-611.518
-648.3
-793.392
-773.634
-701.93
-1454.77
-1438.1
-1396.77
-1385.9
-1203.86
-1181.31
-1249.11
-1152.63
-1236.37
-1211.01
-1133.31
-1150.41
-1134.58
-1106.58
-1126.84
-1115.92
-926.714
-763.05
-759.138
-868.62
-897.307
-872.901
-838.231
-813.843
-1107.22
-846.525
-741.655
-827.995
-881.419
-870.828
-879.246
-701.174
-753.726
-771.45
-810.831
-663.689
-1068.81
-992.408
-863.558
-975.757
-990.581
-1042.26
-1107.55
-904.56
-931.656
-1000.31
-1086.27
-1085.84
-1074.75
-1043.08
-1105.53
-945.547
-935.412
-938.373
-940.906
-870.01
-890.214
-834.6
-866.007
-850.071
-695.47
-846.544
-1639.53
-1707.15
-1733.38
-1731.61
-1733.58
-1183.4
-1133.32
-1053.96
-1088.94
-1084.6
-1058.57
-1097.01
-1043.53
-1088.11
-1052.34
-1097.64
-1065.96
-1077.88
-1073.61
-1005.86
-1044.6
-1201.78
-1219.34
-1235.38
-1339.2
-1315.4
-1449.24
-1514.99
-1452.43
-1420.52
-1574
-1477.98
-1331.49
-989.942
-1111.51
-922.081
-939.041
-899.816
-795.027
-1128.2
-1111.61
-1070.47
-1119.63
-1112.53
-933.504
-891.655
-1120.1
-1136.02
-1018
-1025.75
-1081.91
-1086.59
-1115.27
-1733.16
-1679.56
-1679.34
-1783.58
-1925.09
-1727.8
-1914.25
-1732.36
-1019.13
-996.793
-995.339
-975.237
-958.384
-1014.32
-968.578
-987.153
-1171.68
-1139.09
-1086.18
-1123.48
-1241.89
-1050.11
-1124.87
-1116.94
-1097.32
-1088.54
-1105.94
-1368.51
-1267.14
-1318.8
-1270.79
-1139.13
-1179.33
-1116.5
-1131.31
-1109.02
-1108.28
-1143.25
-1129.88
-971.095
-1151.51
-1100.18
-1041.83
-1000.53
-1087.41
-439.18
-452.942
-460.118
-339.36
-512.53
-369.253
-260.023
-305.113
-326.781
-413.251
-897.388
-814.321
-1030.72
-1076.9
-889.83
-941.766
-911.43
-1192.57
-1159.49
-1129.45
-1836.43
-1811.89
-1862.21
-1690.11
-1975.22
-1656.42
-2254.11
-1537.8
-1679.66
-1805.07
-1545.85
-2083.89
-1799.74
-2095.61
-2543.45
-1154.43
-1211.1
-1004.28
-1091.8
-1287.28
-1035.04
-1076.89
-1365.23
-1126.92
-1225.58
-1257.17
-1343.48
-1223.27
-1130.46
-1252.45
-1064.36
-1046.71
-966.851
-1043.2
-1043.2
-771.657
-1141.33
-1006.73
-1030.46
-640.185
147.702
-838.673
-1064.41
-465.543
-2097.56
-1489.06
-1085.66
-1090.63
-1091.47
-1015.9
-1044.84
-1091.35
-1097.48
-1074.93
-1079.75
-1096.25
-1048.05
-1063.2
-1077.04
-1080.62
-908.758
-898.087
-844.576
-1078.46
-993.709
-1020.61
-1050.57
-986.291
-990.026
-974.652
-1043.59
-990.231
-979.415
-1001.78
-1045.16
-1683.53
-1612.32
-1641.69
-1531.24
-1652.13
-1604.19
-1631.01
-1626.91
-1530.34
-1639.52
-1665.55
-1579.63
-1586.5
-1458.51
-1446.95
-1697.22
-1642.54
-1504.78
-1214.35
-1519.27
-1362.45
-1203.3
-1342.98
-1636.54
-1365.31
-1924.07
-1294.49
-1165.29
-1765.05
-1908.46
-1140.95
-1648.81
-1378.98
-1640.86
-1657.16
-1727.78
-1743.78
-1726.91
-1619.95
-1668.12
-1538.27
-1546.49
-1079.87
-1096.98
-1070.46
-1063.08
-1071.44
-1076.82
-1073.81
-1066.15
-1082.12
-1053.46
-1068.75
-1046.92
-1769.56
-446.346
-1254.9
374.017
-818.757
-900.286
-1039.21
-1016.3
-1368.36
-1148.63
-1196.17
-2081.36
-543.763
-1234.48
-1287.37
-1945.55
-1638.74
-2022.77
-837.171
-1111.37
-580.538
-1076.13
-1102.7
-1345.15
-2285.91
-56.8423
-3166.8
-2353.16
-1858.84
-1376.14
20.73
-3671.98
-2048.99
-1347.86
-1328.83
-1475.43
-1430.16
-1714.37
-1291.47
-244.954
-1006.4
-1503.2
-1279.57
-2415.17
-1915.71
599.605
-1445.94
-804.601
-719.979
-1936.37
-1292.72
-1215.46
-1786.42
-1204.26
-1048.97
-1129.33
-992.383
-1166.1
-1076.75
-788.384
-1214.45
-1188.16
-1156.11
-1215.3
-1247.83
-1160.28
-811.193
-1578.85
-1662.45
-1562.85
-963.75
-1557.15
-1151.92
-1329.22
-465.728
-359.598
-1952.31
-2053.76
-757.75
-697.353
-1058.46
-1033.41
-944.123
-2479.75
-2176.21
-2957.97
-1965.52
-3383.94
-3660
-2277.79
-806.842
-1654.34
-1435.07
-1165.12
-1555.25
-1308.27
-1094.42
3443.14
2631.04
-873.464
-620.417
-660.965
-742.844
-1422.97
-953.426
-1071.93
-1198.62
-830.03
-915.559
-1365.39
-1508.38
-198.601
-1072.76
-1317.94
-1325.52
-1729.56
-1232.53
-515.523
-2096.84
-1063.88
-3912.95
-3171.95
-4259.96
-4174.22
-3039.77
-3178.36
-4163.8
-5507.11
-3642.94
-6183.58
-2304.72
-1884.73
-1137.48
-1337.91
-575.91
-1245.07
-899.953
-1497.56
-1296.79
-875.399
-882.41
-864.25
-1306.36
-1316.79
-1143.03
-1265.09
-1205.88
-945.598
-871.713
-1015.02
-1827.35
-1670.9
-1836.02
-1277.99
-1569.57
-1367.26
-599.794
-572.56
-594.606
-1616.1
-881.205
-155.32
-370.814
-249.439
-284.85
-220.44
-153.864
-670.772
-1592.54
-679.177
1413.63
3414.54
1099.28
1016.86
2431.39
3696.41
3032.84
4713.79
-1531.95
-1441.64
-1658.95
-1418.81
-1550.04
-1606.78
-1654.68
-1596.1
-1354.67
-2219.91
-2147.88
-2531.92
-2169.94
-2690.11
-2453.81
-554.957
-586.033
-503.626
-454.294
-695.434
-737.736
-684.106
-758.371
-1513.53
-1648.65
-1737.42
-2029.55
-1522.15
-1182.66
-1312.44
-1338.64
-2206.4
-1895.28
-2007.05
-1609.69
-1850.59
-2409.25
-2372.1
-1558.03
-1515.66
-757.431
-551.123
-1182.34
-1559.7
-1468.01
-1558.83
-299.224
-1143.11
-1202.32
-1401.04
-925.748
-2331.69
-241.178
-1411.23
-692.748
-558.764
-551.653
-516.305
-485.812
-2036.93
-2747.67
-3915.4
-3933.15
-3109.43
-2521.48
-2991.2
-687.022
-912.494
-887.74
-786.901
-911.803
-780.936
-1023.53
-923.56
-1377.03
-1540.78
-1348.31
-184.605
-77.0797
-177.604
-20.515
-49.5381
-116.988
-1185.19
-983.152
-1020.05
-1238.25
-1495.81
-1277.18
-1303.97
-1489.2
-1349.53
-839.835
-991.389
-970.006
-1008.22
-1309.68
-1521.6
-1637.82
-2297.5
-574.433
-1035.52
102.82
-1431.05
-1367.77
-1337.01
-1440.95
-1709.3
-4140.41
-1217.79
-3477.94
-1289.76
-944.026
-200.391
-213.461
-303.154
-224.408
-265.762
-110.101
-135.668
-39.3544
-62.3282
-366.984
-400.194
-1705.96
-1660.94
-1489.51
-1535.44
-1851.46
-2106.53
-1602.05
-1610.94
-514.403
-372.729
-400.192
-457.977
-455.433
-366.292
-1357.21
-1008.78
-1348.96
-1157.4
-1154.67
-1113.91
-937.796
-1354.98
-1295.5
-761.887
-885.738
-704.784
-795.974
-696.407
-739.366
-649.11
-513.839
-755.026
-688.568
-2041.96
-1937.38
-2573.74
-2525.15
-80.3454
-180.73
-381.173
-72.4179
-40.5
213.516
1961.26
3771.16
-868.157
-1212.47
-1971.08
-2536.61
-1319.3
-1670.72
-1701.29
-862.037
-1133.35
-996.268
-1006.42
-941.773
-941.095
-1201.11
-2013.08
-2558.51
-1964.32
-2127.66
-2374.42
-708.495
-676.274
-680.171
-812.428
-807.102
-821.607
-883.805
-911.472
-963.782
114.553
2679.84
4295.5
2863.22
5558.86
3246.18
-1818.49
-334.962
-3210.89
-2552.8
-2684.89
-1205.16
-1310.72
583.954
-128.918
-715.832
486.057
1220.17
1660.16
2662.21
1741.33
-1398.52
-871.414
-736.13
-1721.46
-1432.67
-1471.15
-1242.45
-1941.94
-2059.52
-2018.96
-1978.69
-1787.53
-2144.29
-2133.01
-2467.42
-2749.3
-1310.27
-1397.71
-1137.29
-1019.93
-1214.44
-1259.26
-1079.96
-1119.67
-1249.58
-1331.8
-1375.85
-1559.6
-1136.92
-1450.53
-1221.94
-1533.81
-1095.35
-114.227
-176.08
-438.299
-316.986
-124.434
-147.55
-87.5563
-99.1981
-36.5978
-77.882
-187.405
-94.0209
-813.956
-1337.64
-430.541
-1284.69
-1494.08
-1396.46
-1716.98
-1049.96
-901.55
-1493.08
-1228.37
-1403.81
-1442.98
-1541.43
-1944.74
2580.41
582.567
1404.29
1885.54
2582.7
-1148.97
-1307.47
-1050.95
-1995.87
-2509.76
-2149.68
-2403.6
-1814.07
-1121.33
-1124.39
-1067.84
-1101.98
-1112.19
-654.922
-1770.74
-2450.23
-3202.33
-2046.38
-2002.03
-895.467
-785.705
-840.727
-1002.68
-2615.21
-1757.51
-3272.25
-2045.33
-2105.5
-2994.17
-3411.85
-3519.76
-5841.36
-5155.28
-3131.44
-1708.71
-1427.74
-1686.1
-1520.15
-1733.81
-1615.66
-1379.47
-1529.85
-844.344
-1290.88
-1676.57
-1679.94
-1128.65
-1147.21
-1053.75
-791.12
-758.797
-996.629
-1386.52
-1714.1
-1537.06
-1768.6
-2091.34
-2141.46
-1510.09
-1857.2
-1546.73
-1513.27
-1502.69
-1443.42
-1382.88
-874.411
-1619.62
-1341.98
-1129.09
-1245.73
-989.354
-1045.11
-1414.04
-1166.28
-1151.4
-893.698
-1263.6
-1171.99
-1534.68
-1208.36
-1808.17
430.112
-2167
-1196.86
-1228.19
-1268.1
-671.163
-2328.18
-1156.94
-1795.1
-1102.2
-1340.38
-3695.11
-2765.91
-3754.93
-4729.52
-5006.87
-1074.59
-2155.01
-1589.84
-10.2516
-1333.53
-2011.91
-1370.77
-1416.53
-1608.97
-1018.77
-1796.38
-1935.59
-669.048
-877.215
-1050.7
-1135.16
-1006.34
-1594.62
-2002.06
-2824.01
-4952.88
-1450.98
-1371.7
-2508.04
-775.627
-624.339
-369.605
-934.704
-703.27
-2007.56
-825.944
16.8449
-480.496
-486.55
-2245.8
-1972.97
-2681.14
-2078.35
-1654.78
-3077.35
-3535.08
-2658.98
-2092.69
-1244.19
-2029.87
-1724.56
-1702.38
-1451.61
-1456.47
-1222.23
-978.656
-749.283
-964.469
-1507.11
-1236.19
-1556.2
-1999.43
-1683.79
-2842.67
-2667.82
-2087.27
-2379.59
-2560.64
-1989.73
-1868.27
-1780.07
-1893.28
-2248.78
-1536.22
-1819.02
-1618.09
-1872.47
-1620.12
-1294.92
-904.463
-1512.85
-1411.75
-1622.48
-1701.54
-1493.51
-2343
-1899.46
-2494.2
-2529.02
-2552.11
-1935.01
-1752.13
-1259.31
-838.387
-1253.5
-1297.52
-2224.45
-1182.53
-1538.32
-998.484
-1239.32
-1344.37
-838.929
-954.566
-1310.8
-2476.07
-985.373
-1055.72
-1970.92
-2080.83
-1758.58
-2445.12
-838.083
-1267.45
-1556.61
-1631.39
-1571.11
-1689.29
-1502.54
-1235.04
-1298.23
-2207.07
-1393.13
-965.202
-1830.16
-1205.72
-1478.81
-1254.12
-1008.54
-1016.21
-1282.27
-967.218
-1767
-1661.49
-2422.06
-1138.26
-721.827
-2187.87
-2327.89
-962.071
-964.095
-1665.63
-1241.77
-1005.78
-1016.01
-465.404
-377.7
-536.643
-679.175
-895.731
-1509.34
-1125.99
-1406.8
-1991.73
-1570.26
-1036.36
-1973.02
-1436.88
-1519.33
-1606.52
-1700.08
-947.447
-1370.31
-1375.18
-1468.12
-1442.81
-1395.46
-1536.71
-1518.9
-1122.87
-1145.21
-908.292
-904.299
-817.931
-958.793
-948.027
-1069.85
-931.229
-1113.76
-1239.16
-989.436
-1121.32
-1055.36
-1313.72
-1069.98
-834.064
-985.948
-917.548
-2235.56
-1386.64
-705.897
-1423.14
-849.251
-888.616
-1251.2
-1254.76
-1583.7
-1955.14
-1691.83
-1805.65
-1558.25
-1716.46
-316.621
-247.402
-223.863
-538.655
-977.914
-1013.77
-1074.23
-1088.9
-1082.49
-1125.44
-1013.07
-980.236
-1009.87
-986.611
-1051.64
-1087.28
-1312.57
-1186.56
-1147.98
-1175.61
-1412.23
-917.381
-1361.55
-1248
-951.199
-1041.05
-952.799
-984.394
-1192.69
-1213.05
-1395.96
-1126.03
-908.846
-1345.49
-1488.92
-875.183
-480.897
-1244.08
-622.625
-665.857
-1307.12
-1404.73
-1509.77
-901.268
-960.591
-2283.95
-1657.22
-862.924
-796.256
-1832.89
-1436.78
-1140.88
-969.585
-416.42
-303.423
-1141.79
-1230.62
-1300.43
-1108.09
-1171.23
-1159.56
-1720.03
-1880.37
-1788.16
-1523.04
-1477.37
-489.181
-849.923
-1620.67
-698.839
-719.864
-696.159
-964.935
-816.341
-812.032
-900.484
-845.505
-1504.39
-1098.89
-2808.4
-1654.09
-1848.34
-1657.76
-2453.56
-1881.71
-2145.34
-3034.9
-1742.38
-2075.84
-1229.27
-1226.25
-1645.7
-1199.5
-1137.09
-1491.99
-1648.68
-1644.96
-1637.98
-1622.29
-1674.31
-1717.31
-1822.78
-1600.3
-630.637
-556.746
-649.098
-924.948
-724.012
-847.259
-1009.37
-883.302
-777.028
-204.958
-195.61
-156.081
-164.544
-186.699
-227.223
-193.18
-1262.27
-1277.23
-954.481
-1113.56
-1018.1
-879.632
-1003.65
-1048.31
-1035.29
-931.283
-1026.1
-1066.38
-616.87
-391.679
-630.874
-448.686
-473.575
-581.483
-537.268
-564.994
-570.142
-488.899
-629.377
-520.73
-858.751
-1336.52
-1530.4
-1249.58
-1326.8
-1108.11
-1018.89
-1134.64
-1010.58
-1098.86
-877.54
-903.319
-1162.22
-1217.53
-1174.03
-1199.56
-1051.65
-1052.44
-1035.89
-1077.22
-1116.23
-1147.25
-1179.18
-1143.92
-1074.23
-1036.66
-1004.97
-1034.42
-1106.21
-1058.31
-963.466
-1386.23
-1332.21
-1240.94
-1682.36
-1912.28
-712.923
-763.771
-755.437
-706.689
-615.546
-613.108
-1194.44
-465.545
-499.971
-442.888
-603.85
-591.096
-585.183
-606.216
-491.161
-594.519
-1165.41
-1401.52
-28.2591
-116.126
-109.588
-66.6323
-28.027
-163.691
-250.57
-136.105
-84.184
-68.0112
-154.391
-99.5087
-171.542
-24.2098
-159.611
-235.473
-133.266
-137.375
-60.0356
-233.555
-166.973
-188.616
-1466.17
-1385.83
-2015.81
-1400.19
-1948.11
-1248.32
-1431.56
-1909.13
-1584.27
-2260.78
-1145.33
-1688.41
-513.387
-1520.21
-1122.92
-918.58
-926.934
-849.239
-1021.28
-1003.57
-1131.78
-1162.79
-1028.1
-881.13
-829.365
-970.548
-884.932
-1624.47
-1632.43
-1547.12
-2291.38
-2118.35
-2453.26
-2150.9
-1311.15
-1432.29
-1457.01
-136.307
-506.606
-1832.15
-630.369
-1011.71
-997.524
-738.269
-847.94
-872.677
-999.304
-974.4
-1070.69
-1012.95
-1033.86
-1022.45
-1038.67
-1128.76
-1598.68
-1772.72
-1286.18
-1626.41
-1782.88
-1372.94
-1909.52
-2038.61
-1564.4
-1710.56
-2097.36
-1053.41
-1004.2
-819.245
-804.488
-1498.59
-1071.73
-1515.07
-1766.13
-1266.11
-1369.17
-1223.96
-1093.89
-977.473
-792.933
-1233.7
-763.747
-1168.93
-1533.14
-523.239
-1231.83
-1467.07
-1058.41
-1099.6
-1113.99
-1094.39
-700.139
-811.006
-858.291
-670.074
-769.998
-1349.55
-1024.76
-713.308
-708.867
-948.98
-1089.92
-1101.83
-1729.39
-931.85
-1159.25
315.307
-654.485
-1431.05
-773.575
-947.678
-900.039
-1035.11
-1324.92
-831.347
-783.915
-940.495
-1366.99
-1224.95
-1126.78
-1046.06
-1365.93
-1487.87
-1321.28
-1097.24
-1262.19
-1273.52
-1139.38
-1179.91
-835.479
-834.884
-957.355
-918.806
-919.402
-965.227
-894.353
-914.573
-1015.15
-1045
-1023.24
-1128.72
-1052.95
-1109.8
-1132.62
-1076.62
-1094.92
-1134.61
-1136.91
-1174.05
-1134.51
-1115.91
-1165.18
-1204.14
-1387.42
-1339.52
-1318.61
-1278.09
-1257.18
-1263.47
-1268.75
-1287.18
-1306.11
-1248.66
-1254.88
-1250.48
-1263.9
-1265.32
-2125.65
-2140.72
-1982.76
-1848.3
-1623.86
-1699.41
-1165.07
-1180.53
-1132.36
-1224.84
-1245.46
-1131.62
-1112.49
-1117.56
-1123.02
-1239.96
-1217.86
-1242.85
-1633.09
-1425.65
-1591.51
-1554.79
-1554
-1476.1
-1383.73
-1495.33
-1492.63
-1482.65
-1625.3
-1708.46
-1691.6
-1702.51
-1789.51
-1203.67
-1821.6
-1701.54
-1671.03
-1733.84
-935.025
-1072.58
-1135.84
-1281.8
-1293.83
-1220.78
-1182.1
-1011.24
-1160.21
-1217.17
-1031.69
-1401.88
-836.483
-1201.08
-839.765
-1186.17
-1001.2
-1887.57
-1165.9
-2497.59
-1810.99
-1277.66
-1062.04
-1076.44
-1047.19
-1055.82
-1012.08
-974.381
-178.034
-198.314
-220.391
-203.164
-307.073
-251.127
-116.483
-117.992
-205.492
-218.592
-1303.31
-998.569
-1073.91
-964.184
-385.157
-827.948
-1065.41
-754.042
-1261.14
-2888.91
-1570.27
-3201.5
-2583.21
-1958.93
-1462.86
-2027.3
-1732.8
-1711.46
-1017.64
-1025.58
-1048.28
-1107.22
-1090.14
-1059.24
-1054.73
-1052.05
-1503.6
-1325.25
-898.925
-1688.02
-1393.44
-1479.91
-1328.57
-1431.6
-1307.84
-1377.49
-1104.33
-1049.81
-1241.43
-1125.51
-1114.49
-1111.87
-1110.18
-1083.45
-1069.18
-1131.52
-1146.32
-1098.88
-1070.99
-1373.48
-1194.59
-1295.53
-1430.97
-1528.77
-1204.86
-1096.33
-1230.39
-1126.21
-1370.71
-1316.93
-1210.54
-1137.39
-908.813
-701.394
-878.368
-864.782
-671.493
-831.957
-684.661
-803.234
-804.952
-1023.31
-995.277
-1021.21
-1003.43
-1017.85
-1273.05
-1209.38
-1166.41
-1525.95
-1499.23
-1531.82
-1551.97
-1389.26
-1171.96
-1368.92
-677.276
-1204.5
-794.603
-1465.6
-1393.07
-1123.73
-1088.83
-1101.42
-448.027
-870.146
-869.978
-1156.33
-1189.45
-956.896
-905.468
-1420.14
-1015.94
-1016.23
-152.658
-971.912
-1223.41
-1548.59
-1160.28
-734.288
-712.3
-1706.78
-624.89
-696.595
-1496.61
-916.878
-476.343
-528.031
-564.623
-459.456
-377.578
-593.121
-327.543
-390.209
-342.484
-446.324
-394.029
-491.434
-542.845
-545.868
-499.199
-1216.65
-1234.57
-1106.69
-963.152
-945.226
-1089.66
-967.489
-1190.55
-1172.69
-1045.89
-1019.46
-834.313
-874.028
-842.985
-964.282
-1014.98
-897.197
-933.276
-290.27
-444.327
-588.89
-452.15
-681.564
-610.312
-324.418
-384.474
-613.102
-668.999
-439.349
-393.738
-789.929
-1403.35
-1981.93
-1054.78
-1679.7
-1339.69
-1168.42
-1018.69
-1142.81
-1074.84
-1282.26
-929.739
-657.05
-796.784
-1020.59
-1209.15
-2760.15
-1883.56
-1972.11
-1995.54
-1859.8
-2874.4
-3046.72
-2028.36
-1944.05
-1818.72
-2428.08
-2472.12
-1299.77
-1235.97
-1347.13
-1195.64
-1395.6
-1243.36
-2301.45
-1644.77
-1532.7
-1337.23
-2376.3
-1592.54
-1847.58
-1415.85
-1970.95
-1526.89
-1462.09
-1408.51
-1492.22
-665.766
-1960.8
-1843.48
-1086.63
-1296.91
-483.319
-619.701
283.333
-1787.64
-1791.83
-1204.24
-1466.78
-997.944
-990.9
-2608.13
-1901.34
-2476.78
-2719.28
-1962.94
-2239.43
-2020.28
-1922.9
-1944.55
-1633.73
-1715.48
-1880.75
-1586.76
-2149.58
-1807.15
-1939.03
-1874.6
-1422.72
-1430.01
-1213.26
-1160.77
-1066.22
-1740.21
-1741.95
-1842.43
-1694.67
-1391.89
-1714
-1608.47
-1705.83
-1946.92
-1798.35
-1635.57
-1410.83
-1527.02
-1434.03
-1733.73
-1882.46
-1639.51
-1742.19
-1847.48
-1456.3
-956.536
-1610.33
-1919.46
-1344.97
-1180.67
-1177.12
-1758.7
-1373.98
-1258.48
-1363.69
-1192.95
-1240.25
-1654.48
-984.968
-568.524
-1358.88
-1643.37
-1495.86
-454.249
-1528.81
-1096.29
-856.363
-1532.69
-1574.31
-1532.41
-1431.91
-1766.74
-1113.28
-1578.57
-102.682
-1022.71
-1188.98
-492.435
-544.348
-364.835
-500.339
-302.788
-194.989
-336.38
-457.056
-404.293
-1427.24
-1466.7
-1397.14
-1353.66
-1402.53
-1310.55
-1416.55
-1405.54
-1324.36
-1241.32
-1234.36
-1291.31
-880.996
-898.665
-925.818
-918.249
-1319.85
-935.116
-1761.87
-1428.41
-1665.35
-1358.63
-953.811
-1339.03
-863.844
-818.705
-780.565
-919.628
-890.18
-1083.88
-991.378
-1117.02
-1010
-1072.23
-1111.66
-1015.62
-990.628
-1052.04
-1050.11
-1722.86
-1569.38
-1726.44
-1401.62
-1302.85
-1367.11
-1298.35
-1432.95
-1334.82
-1574.22
-1650.72
-1582.86
-1614.64
-1756
-1715.86
-1621.98
-1631.38
-1747.56
-1585.36
-1793.44
-1546.98
-1691.56
-1688.2
-1630.03
-1738.94
-1694.38
-1743.05
-1628.08
-1238.79
-1128.2
-952.14
-1103.15
-929.087
-953.714
-901.852
-306.308
-722.239
-1372.27
-1889.78
-1275.11
-1781.74
-1770.23
-599.579
-1190.66
-1492.41
-1301.39
-942.442
-1151.65
-1198.46
-2102.22
-1891.19
-2380.02
-1941.63
-1838.8
-1705.89
-2366.97
-2990.41
-2222.41
-2098.68
-2157.4
-1608.28
-1885
-1931.33
-2608.59
-2982.3
-2105.71
-2569.44
-2565.24
-291.755
-351.016
-272.588
-243.349
-1006.81
-1036.78
-926.499
-936.457
-872.223
-536.076
-555.732
-755.359
-722.805
-634.852
-629.339
-779.84
-714.263
-690.502
-757.709
-727.208
-1942.63
-1646.27
-1785.59
-1869.9
-1840.71
-1594.7
-1763.11
-1438.21
-1542.96
-1644.97
-1505.61
-858.627
-943.348
-983.554
-1101.94
-1096.51
-1062.78
-1072.89
-1062.25
-1096.42
-906.565
-926.169
-1029.31
-936.299
-951.125
-1097.54
-926.24
-953.894
-982.519
-1021.88
-1545.35
-1105.39
-1145.79
-1469.48
-1366.82
-1411.47
-472.576
-1360.16
-1688.32
-981.888
-1116.01
-1087.1
-379.889
-1014.73
-1156.02
-1058.03
-903.563
-1234.97
-1311.01
-1131.65
-1191.49
-991.228
-870.144
-853.278
-900.705
-1064.1
-1069.87
-966.025
-1489.83
-1514.75
-1481.02
-1358.2
-1434.74
-1491.89
-1359.19
-1292.89
-852.927
-976.965
-1004.02
-1126.38
-1158.4
-1081.31
-978.299
-1019.28
-1053.69
-1121.96
-1106.16
-1240.19
-1242.97
-848.775
-900.896
-1067.42
-1084.11
-1102.58
-1112.36
-1132.56
-1141.96
-1088.1
-1343.23
-1130.44
-1533.29
-1845.56
-1030.43
-891.912
-1453.6
-1109.19
-1357.8
-799.661
-956.873
-1235.16
-1326.4
-982.734
-807.996
-1176.26
-1121.64
-1142.07
-883.149
-764.032
-811.802
-932.98
-871.206
-949.177
-974.014
-1010.77
-1021.63
-1009.94
-983.875
-1007.58
-956.241
-951.442
-930.275
-1017.12
-1017.05
-1164.7
-1080.15
-1120.32
-1145.1
-1129.89
-1098.57
-1276.95
-1146.41
-1246.92
-1116.66
-1106.87
-1158.94
-1084.64
-1087.07
-1253.02
-1157.51
-1079.88
-1108.49
-1113.4
-1124.09
-1077.39
-1038.22
-1059.46
-1045.46
-1573.48
-1728.57
-1553.89
-1550.7
-1446.43
-1457.34
-1452.85
-1064.61
-1025.37
-999.054
-758.734
-855.923
-1073.55
-1105.67
-1125.16
-1098.94
-311.808
-382.789
-406.7
-402.997
-261.976
-338.08
-447.825
-429.858
-415.572
-544.798
-289.06
-381.547
-215.329
-240.427
-273.887
-205.307
-328.118
-439.179
-379.581
-371.172
-529.092
-615.501
-399.526
-346.068
-400.494
-395.002
-290.12
-496.309
-585.276
-439.88
-280.482
-324.677
-431.818
-314.787
-313.473
-351.129
-339.559
-1134.21
-1104.71
-981.08
-962.157
-906.701
-810.768
-842.453
-1016.99
-1829.4
-1697.64
-1556.8
-1503.12
-1529.11
-976.572
-1192.07
-1409.15
-969.36
-922.277
-1460.74
-1547.14
-1510.03
-1422.28
-1415
-1039.99
-1152.11
-1094.29
-978.574
-717.249
-909.672
-928.481
-874.832
-1422.33
-1262.5
-1325.66
-1414.78
-1567.99
-1469.97
-1579.06
-1418.17
-1480.48
-1413.76
-1437.74
-1337.38
-1449.21
-1332.6
-1236.34
-1406.66
-1273.2
-1303.59
-1388.02
-1347.55
-1394.12
-1435.49
-1521.91
-1597.35
-1628.57
-1664.23
-1520.36
-1751.58
-1793.26
-1621.12
-1719.61
-2041.76
-1780.07
-1972.98
-1860.06
-1662.34
-1833.5
-1947.92
-1656.83
-1633.42
-1793.38
-1772.94
-1862.44
-1825.92
-1725.35
-845.541
-876.135
-932.706
-937.196
-922.087
-838.677
-849.853
-1025.42
-1015.65
-1044.46
-1052.8
-1042.32
-1071.55
-1073.09
-1034.56
-1105.17
-1030.49
-1037.62
-1001.51
-1119.31
-1097.22
-1029.14
-1008.5
-1108.77
-968.596
-1064.59
-1053.48
-1051.7
-1105.25
-1077.02
-919.334
-1093.86
-1053.64
-1081.5
-1067.54
-1059.12
-1049.05
-370.524
-274.423
-374.639
-326.599
-443.743
-432.586
-251.555
-330.742
-373.265
-1096.23
-1058.13
-1079.32
-1080.51
-1050.61
-1074.66
-1042.39
-1107.82
-1088.39
-1052.51
-1091.39
-1016
-1056.53
-1037.59
-1020.36
-1118.04
-1076.14
-1068.47
-1129.35
-1122.88
-939.983
-938.085
-913.391
-920.891
-928.261
-1066.01
-1012.93
-1001.06
-1030.58
-1048.21
-974.864
-1199.62
-998.299
-1117.31
-1004.86
-906.981
-946.211
-1007.71
-885.024
-839.708
-945.218
-939.306
-988.595
-870.644
-1032.54
-1000.65
-871.126
-924.143
-962.389
-945.593
-971.885
-984.14
-974.884
-865.969
-886.127
-783.75
-911.957
-804.704
-766.272
-882.756
-824.578
-824.798
-823.913
-837.936
-916.999
-943.208
-955.893
-918.254
-954.105
-910.332
-827.544
-918.609
-948.038
-993.344
-1005.1
-1003.57
-967.51
-959.82
-956.001
-964.854
-994.784
-972.727
-951.519
-1527.87
-1522.82
-1439.56
-1458.27
-1097.62
-1092.43
-1063.59
-1083.11
-1096.52
-1077.08
-1075.23
-1092.44
-1091.4
-1099.64
-1081.73
-1091.97
-1085.69
-1096.85
-1083.18
-1079.98
-1073.81
-1113.46
-1096.15
-1137.67
-1147.8
-1140.56
-1119.21
-1071.46
-1097.26
-1124.16
-1143.41
-1209.4
-1123.23
-1154.31
-1125.65
-1110.89
-1128.79
-1102.19
-1123.71
-1113.3
-1105.97
-1104.48
-1210.32
-1104.85
-1202.84
-1156.02
-1122.56
-1404.79
-1130.2
-1469.31
-1517.93
-1105.47
-1123.1
-1165.01
-1283.05
-1263.23
-1154
-1067.76
-1081.38
-1073.53
-1079.14
-1061.48
-1105.15
-1102.79
-1147.23
-1160.9
-1109.91
-1249.26
-1105.86
-1106.87
-1032.86
-1105.62
-857.942
-798.947
-628.953
-1112.12
-1120.18
-1143.91
-1168.97
-1121.46
-1109.64
-1112
-1095.74
-1101
-1073.76
-1049.16
-1026.87
-1026.08
-1127.82
-1290.77
-1201.63
-1224.26
-1166.24
-1159.06
-1139.45
-987.898
-984.501
-1044.82
-1028.24
-1012.49
-1146.32
-1105
-1143.76
-1261.64
-1130.38
-1199.64
-1268.53
-1194.1
-1164.56
-1057.72
-1748.94
-1736.92
-1800.79
-1606.08
-1850.74
-2131.14
-1706.45
-2073.03
-1945.11
-1033.4
-1143.55
-1074.33
-1011.86
-1098.5
-1173.46
-1331.24
-1247.41
-1342.56
-1325.06
-1218.38
-1151.48
-1311.79
-1044.88
-1185.32
-920.351
-782.803
-937.662
-858.694
-941.497
-766.813
-988.013
-709.463
-847.718
-830.719
-846.6
-909.976
-810.07
-967.634
-950.813
-1038.51
-1084.19
-1347.41
-1308.63
-1213.7
-414.323
-406.597
-167.836
-132.303
-180.445
-263.362
-381.287
-315.42
-375.362
-408.603
-192.328
-198.439
-1768.7
-1994.16
-1731.38
-1761.83
-1740.38
-1563.63
-1666.39
-1746.39
-1493.31
-1418.9
-1575.2
-1625.83
-1556.52
-1440.24
-1604.95
-1307.8
-1508.76
-951.762
-1080.74
-1101.97
-984.551
-1008.43
-348.267
-1187.53
-1093.84
-1217.22
-1222.13
-1129.47
-1278.05
-1263.65
-1213.8
-1212.94
-1050.32
-1193.31
-1123.79
-1273.27
-1077.92
-943.616
-947.99
-1076.55
-1001.33
-1065.99
-891.379
-859.985
-928.532
-815.462
-1105.04
-1059.42
-1103.91
-1059.87
-1113.95
-1187.65
-1206.62
-1257.86
-1269.3
-1181.12
-1290.25
-1254.62
-1274.42
-1342.78
-1274.76
-1189.08
-1149.51
-1147.2
-1149.2
-1251.68
-1195.83
-1157.55
-1511.13
-1499.06
-1556.62
-1644.13
-1762.01
-1568.24
-1549.11
-1697.33
-1644.5
-688.958
-1382.41
-1167.21
-1183.49
-1346.36
-1354.83
-1286.32
-1192.75
-1323.05
-1203.35
-1453.51
-1355.77
-1268.5
-1425.68
-1356.22
-1485.92
-1216.1
-1429.67
-1476.97
-1476.81
-1455.84
-1387.37
-1716.17
-1906.09
-2527.17
-2235.47
-1044.31
-980.045
-1456.37
-1095
-1827.93
-588.917
-767.954
-688.76
-707.688
-586.04
-624.051
-791.907
-616.824
-479.21
-458.914
-1128.13
-1114.56
-1135.07
-1120.19
-1161.67
-1147.7
-1172.75
-1217.04
-1509.26
-1563.82
-1655.08
-1644.7
-1611.45
-1638
-1668.83
-1670.44
-1694.96
-1749.71
-1184.99
-1083.37
-1116.35
-1137.37
-1108.91
-1108.06
-1093.78
-1090.17
-1074.17
-1015.99
-1192.27
-1257.86
-1309.67
-1133.41
-1199.96
-1195.19
-1306.92
-1106.15
-1125.48
-1088.13
-1107.08
-1127.43
-1066.67
-1051.7
-1059.79
-1083.53
-1070.3
-1051.33
-1030.8
-1047.03
-1196.4
-1100.2
-1232.37
-1127.69
-1318.22
-1197.25
-1162.5
-1342.17
-1268.9
-698.007
-452.148
-710.859
-559.761
-571.83
-462.497
-607.905
-680.227
-553.891
-637.153
-574.985
-516.687
-1101.35
-1092.06
-1165.61
-1162.13
-1139.07
-1133.94
-1120.68
-1062.97
-1102.42
-1119.73
-1037.83
-1024.94
-1048.93
-1062.98
-1031.38
-1048.93
-1001.42
-1016.44
-1062.96
-1079.49
-1078.55
-1053.89
-1072.55
-1076.03
-1076.83
-1113.37
-1162.41
-1084.86
-1071.5
-1078.15
-1081.27
-1107.13
-1085.6
-1124.96
-1096.43
-1103.52
-1020.59
-991.343
-1009.01
-1015.89
-1029.9
-1024.86
-996.187
-1009.18
-956.423
-969.317
-920.564
-914.118
-956.41
-990.846
-971.116
-993.444
-950.524
-893.234
-898.367
-947.276
-942.875
-972.478
-922.678
-1057.06
-998.553
-994.195
-998.761
-994.527
-1494.99
-1611.92
-1566.66
-1603.06
-1445.26
-1606.58
-1640.32
-586.623
-568.634
-472.884
-549.383
-549.966
-1748.09
-1963.38
-1445.76
-1692.79
-1425.95
-1526.22
-1705.61
-1516.21
-1451.11
-1117.85
-1124.93
-1142.81
-1137
-1172.77
-1107.69
-1110.8
-1136.75
-1108.44
-1094.94
-1106.48
-1114
-1140.81
-1143.96
-1149.78
-1122.12
-1114.23
-1115.1
-1251.8
-1229.13
-1206.71
-1140.93
-1178.58
-1096.24
-1183.87
-1056.51
-1149.79
-1619.04
-1599.87
-1769.66
-1779.52
-1751.93
-1680.1
-1608.42
-932.322
-955.763
-1174.5
-1097.31
-234.083
-815.282
-826.64
-1024.23
-1263.87
-1337.09
-1158.06
-1150.6
-1269.43
-1130.59
-180.438
-139.464
750.715
1183.47
-3111.52
-2468.35
-1487.55
-1009.26
-823.917
-177.578
-199.958
388.079
1009.02
-1784.81
-1804.5
-35.1864
-969.557
229.641
514.779
-2348.21
-2711.99
-2391.42
-2625.33
-1984.52
-3801.94
-3101.85
-1088.41
-1159.77
-875.849
-953.3
-1399.74
-329.51
-824.028
-616.588
-1128.49
-1575.18
-1481.55
-2720.66
-2133.67
-1442.34
-1296.23
-1049.63
-1038.01
-1571.68
-42.5968
-1997.57
-2273.02
-920.981
-1194.86
-1066.03
-892.935
-1013.91
-1051.8
-592.888
-77.1329
-197.6
-1025.03
-1029.2
-1366.17
-1370.19
-1169.38
-992.794
-1088.89
-1081.01
-1219.01
-661.69
-510.379
-528.622
-604.551
-826.389
-849.187
-1100.58
-2062.6
-1750.71
-937.354
-982.294
-904.532
-1131.6
-2454.73
-2360.83
-1229.97
-1285.19
-1433.23
-1187.33
-1568.25
-1097.91
-1086.11
-1551.36
-1630.17
-1551.61
-1597.66
-915.585
-911.322
-865.969
-1047.22
-1696.05
-1751.7
-1301.34
-1306.24
-1335.44
-1038.29
-2039.17
-790.853
-1061.08
-808.205
-1072.69
-1060.51
-1062.44
-981.134
-986.193
-1049.03
-1029.03
-1029.64
-954.182
-1133.39
-1134.02
-1156.84
-1355.41
-832.157
-960.166
-943.367
-887.341
-851.864
-969.922
-989.534
-1637.32
-1675.72
-1629.61
-307.062
-289.942
-1489.44
-1388.11
-1686.9
-1657.18
-1875.01
-1695.57
-1019.77
-1020.16
-1075.24
-1079.57
-1085.68
-1084.28
-1025.25
-989.217
-871.902
-892.121
-1027.52
-1054.14
-1045.2
-1075.45
-1185.19
-1109.12
-1042.92
-1067.74
-2131.61
-2139.57
-1239.83
-995.589
-1173.39
-1034.39
-978.625
-488.209
-438.288
-330.902
-244.039
-321.097
-313.797
-1538.58
-463.965
-418.063
-1517.31
-1114.14
-1084.35
-765.681
-771.064
-743.25
-1099.3
-1150.08
-1152.7
-1380.75
-1300.58
-1458.48
-1115.95
-1098.39
-1080.71
-1111.25
-1107.71
-1017.3
-1030.03
-984.491
-970.422
-1702.28
-1684.64
-1767.09
-1022.29
-1042.76
-1493.34
-1026.71
-1125.59
-1193.26
-1886.76
-1717.95
-911.31
-1054.16
-1586.05
-874.711
-510.234
-1807.16
-1703.93
-941.965
-1419.79
-1146.77
-1477.14
-1481.64
-1420.83
-1850.33
-1857.17
-947.416
-1090.12
-1441.52
-1541.73
-1695.22
-1241.21
-1510.66
-1424.32
-944.539
-1191.48
-1176
-1522.53
-401.802
-131.147
-531.922
-1385.32
-1627.28
-1469.51
-1515.47
-1384.98
-1048.36
-1025.35
-1506.69
-938.316
-1326.68
-1061.35
-1076.56
-1415.68
-757.517
-877.972
-1407.17
-1291.53
-933.978
-1046.38
-1352.65
-1805.15
-1257.62
-1258.96
-343.64
-1276.13
-606.05
-1365.95
-422.032
-1085.71
-2029.4
-936.28
-1118.48
-771.807
-1039.42
-1348.66
-1788.92
-1239.08
-1013.91
-1282.59
-834.483
-980.596
-1513.88
-1150.96
-1407.31
-1442.56
-1522.29
-433.654
-1644.56
-748.801
-1452.52
-1371.77
-481.052
-517.265
-670.184
-1204.66
-1011.54
-1196.73
-884.759
-933.331
-1103.61
-1477.88
-1233.99
-1255.59
-1353.57
-1149.17
-1029.31
-1079.88
-1206.74
-993.326
-983.69
-1284.3
-1190.78
-1021.47
-1088.91
-941.649
-1243.54
-745.556
-678.651
2029.39
1773.38
-634.552
-1377.38
-2474.89
-2153.65
-1805.69
-1942.9
-2029.23
-2317.39
-1952.98
-2228.12
-1175.99
-5569.25
-5220.61
-2306.16
-2466.8
-921.704
-1456.5
-1446.64
-969.927
-935.661
-987.052
-963.401
-939.91
-1234.63
-539.402
-1279.85
-1325.84
-2023.11
-1951.41
-1287.72
-1255.01
-1159.15
-1099.58
141.336
-1386.81
-1272.43
-1225.47
-1185.73
-1427.84
-1654.73
-929.496
-935.261
-1142.68
-1169.46
-1105.75
-1098.73
-1198.22
-1079.86
-1564.96
-1090.22
-1142.78
-1170.51
-1198.6
-1115.2
-1057.73
-1092.34
-1459.03
-1196.3
-599.938
-527.306
-1207.53
-1186.79
-1096.75
-1091.7
-954.297
-999.729
-739.707
-841.355
-618.948
-573.157
-1076.36
-1097.09
-2210.79
-2112.66
-1689.36
-1764.94
-1798.36
-1944.19
-1115.65
-1117.7
-1121.57
-297.4
-279.988
-265.245
-211.346
-1813.71
-1876.54
-1633.25
-1651.26
-1679.15
-1893.11
-884.727
-785.207
-1018.23
-1092
-1567.96
-1565.35
-1593.63
-1578.63
-1067.99
-1062.27
-1062.47
-1049.03
-1038.55
-985.255
-993.17
-1256.43
-1231.08
-1328.99
-744.902
-1560.76
-1453.91
-847.895
-1289.16
-1421.92
-1031.94
-1489.83
-29.876
-1161.97
-1062.6
-1333.81
-1562.25
-878.496
-1576.15
-1158.26
-2603.14
-1306.11
-1464.22
-1050.25
-592.511
-1071.46
-2070.04
-1338.7
-1346.55
-1313.89
-1633.56
-952.471
-1317.41
-680.832
-1382.36
-1078.66
-1781.31
-1332.71
-804.258
-1090.7
-1388.95
-628.787
-1556.44
-960.644
-1224.7
-1312.57
-657.58
-952.395
-1591.23
-299.489
-1496.34
-1337.52
-528.287
-637.032
-1195.64
-681.802
-1665.45
-1614.21
-1343.27
-2588.15
-2330.95
-1292.84
-1500.24
-933.137
-1335.44
-1119.42
-1103.51
-1092.44
-1147.1
-1115.95
-1102.2
-1091.94
-926.385
-873.645
-954.779
-1105.98
-1142.68
-1106.85
-1108.64
-1150.57
-1184.42
-1194.82
-1037.29
-1009.52
-857.8
-1038.9
-1163.21
-1685.5
-1602.34
-1355.44
-1334.27
-1335.51
-1300.57
-1264.47
-1161.64
-1422.92
-1235.41
-1159.06
-1267.8
-1085.79
-1082.29
-987.832
-1058.2
-1083.42
-1149.45
-1109.46
-1122.74
-1105.08
-1168.01
-1190.76
-1136.03
-1138.45
-1128.27
-1100.53
-1098.16
-684.264
-1567.52
-1573.99
-1064.85
-995.945
-1140.51
-1224
-1111.66
-1132.14
-1144.6
-889.843
-1776.54
-1775.43
-1620.91
-1610.37
-1583.01
-1656.1
-1810.39
-1725.95
-1620.94
-1639.98
-1586.38
-1599.72
-789.37
-1037.52
-1472.65
-988.075
-959.356
-964.543
-953.158
-1013.45
-1031.05
-994.996
-966.921
-981.223
-967.381
-973.927
-1026.12
-990.776
-1002.48
-659.769
-398.315
-306.132
-397.113
-297.461
-563.723
-789.335
-684.437
-947.91
-991.625
-826.546
-1225.76
-1581.42
-1446.54
-1274.32
-859.921
-1564.98
-1663.77
-1636.43
-1645.92
-1447.7
-1497.72
-1342.07
-1174.53
-1581.65
-1502.1
-1163.83
-1232.14
-1224.44
-1203.17
-1286.45
-1401.07
-1141.31
-1133.34
-1172.79
-782.721
-781.08
-1274.45
-1161.22
-1240.65
-1130.54
-1339.32
-1393.38
-1381.4
-1396.2
-1092.02
-1137.7
-1171.33
-1103.51
-1197.97
-1170.7
-1164.98
-1135.23
-1140.96
-1604.31
-1675.76
-1214.61
-1570.5
-956.863
-1176.92
-737.642
-868.791
-903.304
-1065.14
-1065.93
-947.203
-579.587
-489.292
-671.598
-599.002
-915.551
-385.765
-377.947
-855.295
-978.899
-662.046
-776.227
-735.291
-1248.4
-1228.65
-1177.74
-878.254
-1134.43
-708.126
-510.377
-685.564
-545.133
-1565.99
-1141.12
-1191.16
-627.706
-330.499
-422.774
-837.924
-1703
-1806.81
-1626.26
-1540.32
-1619.62
-1641.96
-1676.99
-1655.9
-1538.74
-1716.59
-1672.97
-1241.1
-1220.69
-2007.92
-708.234
-1381.15
-1208.8
-1690.09
-1168.28
-1402.6
-1212.09
-1115.47
-1027.48
-1096.26
-917.687
-759.866
-1062.02
-1193.89
-1218.31
-1129.74
-1346.08
-1185.4
-1205.58
-1012.67
-1022.82
-1084.26
-1072.66
-1039.91
-1019.24
-992.26
-1032.21
-990.697
-1030.85
-1037.08
-1074
-1225.92
-1160.4
-1137.92
-1231.24
-1366.75
-1512.56
-1392.41
-1323.99
-1211.11
-1118.68
-1247.95
-1115.26
-1012.91
-983.2
-1164.18
-1221.07
-995.539
-1041.8
-1137.11
-1416.05
-1459.4
-1333.77
-416.344
-420.12
-552.133
-571.97
-408.115
-458.552
-425.416
-560.691
-583.568
-529.051
-494.707
-732.623
-912.365
-737.96
-640.363
-570.132
-646.079
-844.447
-570.458
-678.908
-844.668
-831.013
-683.252
-815.236
-1043.98
-1214.46
-1072.41
-1162.33
-1082.76
-1056.6
-1243.95
-1105.85
-1018.19
-1035.64
-1021.06
-1020.4
-1035.8
-1188.01
-1117.53
-1119.62
-1518.64
-1520.33
-1496.28
-1615.27
-1638.07
-1589.25
-1595.03
-1631.52
-1583.74
-1536.72
-1552.02
-1575.91
-1550.66
-473.407
-944.391
-1354.09
-1319.75
-1686.9
-1149.86
-1023.84
-1100.46
-1087.5
-1094.8
-1039.66
-1063.33
-1260.38
-738.43
-794.597
-1109.9
-1021.22
-882.034
-867.574
-790.136
-631.258
-630.091
-932.046
-926.437
-898.54
-624.556
-815.046
-868.885
-912.964
-860.551
-990.911
-1086.64
-957.911
-1373.91
-1479.82
-1544.53
-1870.4
-1748.25
-1059.63
-1775.33
-1273.1
-1185.22
-518.264
-772.141
-1319.97
-1365.88
-2408.7
-1273.98
-1227.54
-1165.73
-1181.58
-1202.97
-1269.59
-1176.41
-1314.82
-1294.71
-1047.52
-1114.35
-1232.77
-1090.31
-1208.09
-1423.7
-1909.5
-1500.38
-382.183
-475.421
-1102.87
-635.389
-1013.94
-1078.15
-1072.01
-558.789
-676.706
-907.281
-1095.46
-880.12
-694.028
-857.954
-910.251
-946.539
-1072.81
-987.059
-998.044
-956.81
-962.706
-934.212
-1011.14
-1541.5
-411.007
-636.041
-516.967
-544.525
-380.214
-410.698
-454.969
-456.495
-564.884
-512.841
-771.237
-1723.2
-1391.33
-1186.72
-1299.14
-1065.94
-1071.37
-1378.92
-1479.58
-1527.64
-1245.43
-1457.18
-1534.52
-1353.84
-1526.54
-1833.5
-1521.29
-1330.43
-1023.59
-1181.36
-1946.19
-2017.23
-1379.79
-1096.84
-1001.35
-1020.18
-875.109
-872.935
-852.412
-927.924
-913.115
-888.274
-862.939
-904.9
-1074.84
-1108.79
-1101.74
-1077.11
-1071.48
-1247.42
-1199.08
-1194.99
-1121.1
-1099.38
-1424.67
-1510.89
-1518.01
-1515.24
-1504.33
-1502.32
-1475.04
-1454.8
-1508.63
-1459.14
-842.9
-844.509
-860.598
-935.876
-929.846
-991.67
-933.779
-933.904
-937.752
-913.93
-1515.6
-1029.02
-920.013
-1014.25
-1053.88
-1040.24
-928.897
-820.074
-774.827
-582.064
-510.01
-697.971
-678.801
-845.536
-789.197
-738.79
-792.667
-779.428
-888.841
-892.808
-1000.67
-959.099
-839.973
-734.144
-1067.58
-1005.16
-1036.9
-1039.5
-1048.98
-1103.91
-1183.88
-1270.93
-1172.8
-1115.32
-1239.39
-1279.59
-1309.76
-1284.12
-801.959
-786.854
-763.807
-695.101
-585.004
-535.942
-513.806
-547.799
-582.759
-642.042
-736.037
-809.573
-652.11
-750.694
-830.582
-879.056
-871.527
-710.842
-581.424
-556.875
-592.982
-754.213
-831.367
-878.616
-806.246
-921.679
-989.754
-1030.98
-1018.07
-954.258
-1085.65
-416.523
-934.783
-987.189
-932.622
-958.83
-1068.78
-1071.65
-1074.72
-1115.59
-1263.91
-1537.28
-1245.5
-1186.88
-1361.47
-1188.21
-1212.35
-1366.92
-986.736
-1268.76
-1264.62
-1051.9
-1225.08
-1561.25
-1352.25
-1467.33
-1552.83
-1606.42
-1567.85
-1432.94
-1566.14
-1651.79
-774.841
-812.454
-836.32
-1191.36
-1179.95
-921.135
-850.662
-991.416
-1512.06
-542.118
-517.856
-716.257
-381.353
-380.018
-442.268
-429.083
-471.833
-292.606
-396.855
-436.429
-519.845
-657.521
-683.221
-744.749
-535.393
-393.365
-492.358
-598.269
-735.574
-808.137
-705.915
-677.352
-622.058
-679.571
-723.86
-862.187
-825.374
-881.788
-854.255
-865.039
-802.428
-836.962
-678.552
-644.131
-552.454
-557.151
-539.145
-739.044
-862.937
-903.628
-665.502
-547.199
-741.03
-839.281
-629.377
-716.067
-839.057
-1297.45
-1294.23
-1350.11
-1297.91
-1264.44
-991.888
-1210.73
-800.989
-621.819
-591.433
-752.873
-693.663
-871.174
-1306.95
-1284.25
-1294.42
-799.066
-437.537
-498.733
-412.991
-1418.65
-1348.12
-330.771
-441.288
-455.235
-1226.62
-1374.26
-1359.96
-818.941
-866.147
-785.886
-827.548
-867.952
-987.233
-1059.73
-1112.97
-1078.35
-1128.84
-1124.94
-1109.14
-1112.2
-1175.44
-1179.33
-1188.53
-1134.56
-1137.02
-1134.3
-1138.72
-1101.79
-1509.56
-1138.29
-1315.24
-1149.63
-1506.56
-1458.15
-1173.1
-1259.51
-692.89
-1420.51
-866.249
-1028.64
-983.534
-847.439
-813.365
-1001.74
-1107.96
-1269.19
-1699.9
-990.394
-1075.08
-1256.84
-1454.81
-1030.15
-1276.34
-1263.66
-1329
-1212.15
-1272.31
-1241.08
-1198.33
-1238.17
-1300.94
-1314.29
-1259.81
-1288.69
-1213.11
-1182.29
-1470.34
-1097.1
-1085.81
-1433.97
-1052
-1204.41
-819.953
-1293.06
-1201.07
-1160.33
-1247.56
-1211.27
-1302.56
-1221.22
-1120.93
-1039.3
-1061.33
-1508.29
-1928.52
-1762.5
-765.486
-1871.17
-1906.83
-1193.21
-1657.58
-1765.44
-1241.63
-1236.55
-1240.53
-1267.6
-1274.33
-1228.29
-1296.66
-1301.89
-1261.77
-1356.33
-1356.5
-1347.72
-1431.83
-1480.77
-1489.82
-1418.6
-1382.75
-1383.91
-1294.19
-1275.31
-1294.24
-1452.1
-1345.19
-1257.72
-1289.57
-1256.96
-1394.61
-1170.21
-1280.69
-1364.38
-1241.94
-1312
-1360.83
-1451.01
-1487.14
-1464.95
-1350.91
-1427.52
-1387.61
-1463.18
-434.803
-464.087
-358.756
-1303.58
-1253.95
-1228.67
-1260.75
-1281.68
-1270.64
-1434.15
-1505.69
-1514.76
-1570.14
-1552.45
-1496.37
-1477.05
-1461
-1384.59
-999.262
-1045.19
-941.403
-845.359
-930.285
-913.966
-1109.13
-1231.06
-1189.66
-1102.33
-1048.49
-967.059
-994.332
-770.016
-802.541
-1011.59
-948.692
-950.008
-940.693
-1041.99
-952.559
-1087.21
-1058.82
-1146.89
-1077.48
-994.36
-902.023
-1116.24
-994.968
-1049.21
-970.571
-989.269
-1025.8
-1022.17
-1051.82
-1055.35
-1130.47
-1111.4
-1094.01
-1031.42
-911.131
-994.263
-1002
-963.217
-1061.01
-1081.35
-1022.53
-1000.38
-1103.46
-983.86
-1001.05
-1039.2
-1036.32
-1144.4
-1052.57
-1030.28
-1071.61
-2291.08
-2227.69
-2453.3
-1863.48
-1806.38
-1506.05
-1778.37
-1648.38
-2303.29
-1733.02
-1600.19
-1909.1
-2159.42
-1942.55
-1697.66
-1930.94
-1475.62
-1057.43
-987.723
-1148.63
-1151.06
-1213.07
-201.63
-1723.62
-1378.25
-1319.25
-650.538
-1191.62
-1288.14
-2506.32
-1704.08
-1006.73
-1027.97
-1066.26
-314.732
-330.024
-565.747
-560.032
-520.459
-531.714
-379.619
-387.832
-521.433
-1013.47
-1123.46
-1058.52
-930.269
-1633.69
-1824.16
-1462.12
-289.259
-265.102
-298.672
-318.864
-418.954
-1202.2
-1167.12
-1177.63
-690.622
-635.34
-810.694
-939.671
-959.449
-1022.21
-998.027
-1505.43
-1539.51
-1056.29
-1223.55
-963.645
-955.279
-1351.91
-991.926
-1057.39
-1075.49
-1072.79
-1096.38
-1114.11
-1107.27
-995.483
-1105.7
-1114.37
-1171.88
-1259.42
-1259.8
-1239.49
-1178.07
-1132.87
-1220.39
-1210.32
-1174.87
-1204.17
-947.44
-1094.21
-1485.72
-1261.11
-873.496
-805.791
-1236.41
-1177.78
-421.035
-477.984
-1471.03
-974.556
-780.035
-274.352
-1309.84
-1283.86
-242.572
-1673.41
-1010.8
-1041.09
-509.834
-2820.85
-1434.13
-1187.22
-1463.77
-1316.44
-1388.38
-1221.55
-1182.62
-1001.29
-794.857
-1567.66
-1585.06
-1380.9
-1519.3
-1267.46
-1436.43
-1667.85
-1335.37
-1301.36
-1346.24
-1381.32
-1199.29
-1261.97
-1166.76
-1111.21
-1234.23
-1221.02
-1188.94
-1169.09
-1338.9
-1308.71
-1241.26
-1218.41
-1257.21
-1373.84
-1433.31
-1425.7
-1413.1
-1533.09
-1414.77
-1441.97
-1766.11
-1320.46
-1305.7
-1257.56
-1434.5
-1310.15
-1034.69
-1248.45
-1262.78
-1204.45
-1147.4
-1166.96
-1180.13
-1104.74
-1177.31
-1155.62
-1207.75
-1239.12
-1246.79
-1231.73
-1251.3
-1089.56
-1202.7
-1098.31
-1180.06
-1176.34
-1293.83
-934.109
-989.297
-1070.18
-1126.01
-1117.01
-1116.47
-1158.83
-1151.14
-1118.56
-1072.48
-1040.37
-1101.48
-1011.53
-1171.87
-1117.07
-1103.8
-1128
-1170.96
-1113.88
-1056.66
-1067.58
-1015.41
-949.142
-1122.73
-1135.97
-1197.6
-1113.06
-1036.12
-1182.03
-1089.15
-968.37
-1151.89
-1143.9
-1588.64
-1592.39
-1580.2
-1258.25
-1089.2
-1142.25
-1099.57
-1277.11
-1296.46
-1254.62
-1196.88
-1177.07
-1147.15
-1484
-1523.25
-1514.57
-1611.01
-1180.19
-1077.14
-977.005
-1088.73
-986.663
-999.472
-1037.42
-998.565
-972.448
-1098.96
-1202.17
-1029.34
-1362.52
-1104.25
-1540.17
-1480.17
-1392.04
-1402.15
-1500.83
-1564.19
-1396.11
-1476.75
-1546.66
-1320.56
-1573.83
-1449.81
-1414.86
-1468.48
-1247.1
-1264.56
-1309.92
-1341.02
-1363.72
-1312.92
-1260.94
-1221.31
-1269.64
-1147.79
-1125.47
-1159.28
-1294.88
-1284.73
-1180.53
-1132.95
-1162.19
-1140.31
-1118.36
-1145.19
-1171.74
-1174.04
-1108.63
-1170.93
-1215.6
-1113.41
-1131.14
-1208.07
-1180.71
-1165.73
-1169.23
-1182.18
-1183.18
-1299.82
-1249.68
-1160.57
-974.657
-1046.79
-1202.62
-1313.8
-1122.54
-1175.66
-1401.24
-1278.78
-1184.24
-1148.19
-1190.59
-1219.82
-1255.93
-1240.37
-1191.48
-1190.92
-1210.06
-1223.61
-1184.16
-1196.29
-1221.47
-1442.21
-1398.22
-1362.28
-1412.9
-1455.02
-1311.57
-1366.04
-1409.69
-1456.93
-1492.39
-1483.65
-1494.09
-1501.93
-1354.13
-1278.91
-1239.04
-1261.37
-1310.3
-1426.79
-1475.81
-1465.19
-2001.77
-1756.5
-1292.24
-1739.96
-1433.06
-1429.51
-1372.35
-1333.75
-1325.05
-1553.44
-1848.49
-1830.07
-2132.56
-1801.87
-1793.12
-1453.53
-1433.03
-2088.53
-1400.48
-1772.28
-1153.55
-1205.02
-1210.7
-1275.5
-1060.99
-1492.06
-1636.5
-1406.57
-1278.05
-1333.96
-282.223
-352.411
-699.481
-2171.24
425.298
-2226.47
-1569.46
-1516.62
-1197.6
-1096.5
-1148.53
-1181.32
-1056.78
-896.029
-783.143
-1350.34
-2819.12
-996.277
-800.749
-1005.43
-893.823
-524.174
-1282.13
-1140.06
-1159.92
-1388.95
-1137.11
-1186.6
-1380.27
-1189.07
-1242.51
-1313.95
-1222.5
-1212.58
-1094.09
-1169.84
-1233.53
-1007.51
-1173.64
-1247.79
-1420.25
-1827.85
-1211.71
-969.257
-1476.79
-1653.37
-950.436
-1026.91
-1586
-1520.16
-1475.64
-1043.78
-1025.91
-1357.41
-1344.24
-1239.29
-1233.74
-1308.33
-1228.88
-1142.41
-1259.54
-1106.68
-1178.79
-1145.28
-1261.59
-1341.8
-1253.98
-1222.54
-1288.15
-1271.99
-1217.01
-1300.37
-1273.73
-1155.52
-1147.34
-1273.63
-1520.49
-1404.15
-1297.38
-1279.11
-1413.84
-1510.15
-1457.83
-1293.66
-342.636
-291.416
-768.411
-790.436
-710.985
-753.842
-869.43
-832.31
-599.346
-828.938
-765.923
-246.207
-271.041
-275.962
-233.752
-136.837
-133.088
-241.862
-256.284
-282.42
-141.47
-241.024
-306.592
-1258.77
-1262.6
-1270.31
-1219.41
-1329.35
-1290.22
-1393.29
-1534.58
-1585.45
-1286.01
-1435.3
-1526.71
-1525.78
-1804.51
-2022.95
-1558.78
-1821.07
-2305.45
-1773.92
-1793.61
-1550.77
-1455.95
-2160.16
-1684.24
-1496.66
-1389.95
-1674.09
-974.105
-842.876
-1185.02
-580.96
-871.501
-934.612
-812.868
-721.959
-819.682
-812.772
-1220.91
-1242.27
-1253.53
-1239.91
-1319.93
-1403.2
-1488.35
-1421.4
-1356.03
-1396.44
-1424.27
-1381.12
-1423.67
-1297.95
-1435.25
-1407.17
-1456.71
-1330.56
-1309.95
-1329.68
-1312.2
468.749
-4384.43
-3140.67
-1521.54
-1209.42
-878.69
-1498.65
-1502.98
-1231.08
-1480.97
-1197.62
-1335.08
-1160.76
-1125.81
-1118.92
-1839.85
-1348.84
-1682.94
-1071.38
-1633.51
-1341.29
-1519.98
-1307.91
-1087.9
-1213.99
-948.434
-1545.04
-1490.42
-1125.53
-1627.25
-780.449
-1299.64
-948.655
-432.455
-1629.88
-1367.56
-689.703
-703.913
-1069.52
-916.281
-1632.4
-1755.5
-746.495
-1416.53
-1692.63
-962.182
-1303.19
-493.269
-946.84
-934.595
-519.471
-527.648
-1690.02
-947.686
-1634.43
-1353.34
-1358.9
-1601.3
-1686.55
-1619.44
-1105.08
-1234.1
-1556.41
-361.303
-296.106
-1700.48
-616.962
-1167.49
-135.181
-1724.62
-1747.3
-1227.42
-1878.74
-1342.65
-1235.22
-1752.06
-857.093
-1218.55
-330.466
-1441.71
-1035.85
-1046.3
-1367.22
-1714.86
-1595.91
-1567.57
-1587.64
-1466.89
-993.191
-708.073
-588.72
-1318.36
-1027.3
-863.831
-1349.85
-1544.86
-328.405
-638.548
-1655.95
-1079.78
-1268.12
-1232.31
-1682.19
-838.182
-1485.1
-1465.72
-1255.36
-1700.97
-1782.47
-1192.19
-1560.96
-433.145
-766.992
-1512.39
-1937.92
-1933.55
-1371.53
-1208.42
-1444.58
-1563.47
-1551.56
-423.66
-1330.61
-1607.04
-1010.97
-1257.42
-1217.04
-1755.81
-1583.09
-1721.05
-1372.32
-1136.6
-978.05
-725.413
-836.447
-1200.28
-1579
-1334.68
-1321
-1498.91
-1294.67
-1337.75
-871.465
-804.692
-1656.45
-874.876
-1542.3
-1628.99
-1283.78
-1617.65
-1112.89
-1428.34
-714.93
-1078.07
-894.854
-1262.63
-1673.93
-1160.65
-927.123
-1114.47
-1126.64
-1079.48
-1395.14
-568.887
-871.227
-1120.78
-750.126
-1069.74
-1097.71
-994.475
-1183.66
-1322.53
-1678.78
-1652.09
-463.124
-1244.49
-1309.16
-1283.99
-1548.29
-1026.87
-914.282
-1384.9
-593.499
-1034.5
-448.287
-1181.9
-1702.76
-1012.21
-1171.99
-568.366
-1273.64
-1691.98
-963.979
-1680.86
-1281.48
-1639.89
-1344.25
-1718.39
-999.113
-836.337
-776.084
-1621.47
-449.523
-1687.22
-996.405
-948.215
-1279.73
-1261.75
-417.953
-1688.5
-518.554
-1552.71
-1642.47
-1618.71
-1132.63
-465.071
-918.335
-486.705
-910.413
-1246.53
-1104.11
-1498.13
-1289.77
-1063.46
-1118.24
-1434.84
-1038.58
-1227.67
-1204.55
-1189.83
-1189.78
-1210.73
-1582.78
-1360.95
-1286.8
-1342.97
-1273.73
-1678.65
-1699.53
-1672.06
-1678.31
-1629.45
-1630.78
-1615.55
-844.76
-728.14
-1145.45
-1194.88
-1195.98
-1227.03
-1674.58
-1600.3
-1676.36
-1556.4
-1680.73
-1602.33
-1214.94
-1222.24
-1331.03
-1212.25
-1339.53
-1446.17
-1488.31
-1252.2
-1205.62
-1264.18
-1393.72
-1467.78
-1344.63
-1358.42
-1341.25
-1273.64
-1376.16
-1452.25
-1473.01
-1325.26
-1654.4
-1608.52
-1254.71
-1249.69
-442.404
-388.843
-584.637
-523.963
-1081.18
-1183.22
-1173.27
-1277.1
-1272.01
-1260.71
-1227.18
-1154.46
-1235
-1136.42
-1137.73
-1147.5
-1185.47
-1495.76
-1491.22
-1526
-1307.64
-1496.38
-1296.12
-1275.86
-1047.71
-1066.83
-1120.14
-862.755
-923.125
-935.579
-812.225
-704.845
-1673.17
-1652.22
-1703.51
-1672.9
-914.437
-991.074
-840.053
-924.359
-792.219
-935.51
-663.312
-776.45
-783.384
-801.456
-747.481
-793.94
-1714.09
-1271.95
-2041.21
-1679.62
-2030.07
-1275.57
-1632.37
-1635.83
-1631.28
-1618.83
-1239.28
-1152.82
-1113.24
-1206.96
-1462.42
-1484.07
-1486.81
-1493.47
-1299.3
-1198.68
-1214.45
-1327.29
-1287.15
-1308.19
-1452.52
-1436.61
-992.747
-995.778
-968.07
-972.163
-1072.27
-1848.31
-1538.86
-1705.13
-1703.28
-2199.41
-1126.13
-1171.32
-982.033
-1300.15
-1300.1
-1277.11
-1290.62
-1458.7
-1496.63
-1372.07
-1328.18
-1257.41
-580.04
-1414.83
-1410.1
-1520.43
-1128.48
-726.651
-1321.81
-483.838
-1848.13
-1356.83
-1239.34
-1208.22
-1222.14
-932.313
-1409.04
-1137.81
-1156.67
-1083.31
-1214.14
-1304.59
-1255.2
-849.104
-930.715
-1157.97
-1086.88
-1052.89
-952.567
-1143.29
-951.725
-889.52
-1051.38
-1284.34
-1096.23
-1092.19
-1162.48
-1147.69
-1283.77
-1330.91
-1205.88
-1447.04
-935.283
-997.066
-1351.14
-1382.19
-1417.75
-1471.01
-1264.12
-1359.01
-1404.63
-1187.57
-247.59
-268.413
-242.836
-276.501
-144.227
-1376.69
-1542.85
-1496.12
-1471.16
-1328.84
-1268.96
-1270.93
-1105.78
-1640.54
-721.709
-762.547
-927.822
-956.402
-701.785
-784.908
-818.576
-1227.05
-1877.57
-2270.76
-1436.39
-1635.15
-1241.54
-1265.15
-589.716
-1423.15
-1510.79
-1196.74
-1557.62
-1514.74
-582.012
-1283.59
-1235.57
-1210.98
-1123.99
-1204.28
-1289.79
-869.99
-1482.96
-284.723
-2583.58
-2303.41
-1177.13
-1220.37
-1548.89
-1689.97
-955.725
-1179.07
-1056.58
-1009.74
-1086.52
-1091.38
-1146.11
-1075.62
-1420.08
-1387.36
-501.181
-600.154
-1629.52
-1722.56
-1031.61
-1004.99
-1130.06
-1063.92
-1453.88
-1407.63
-1242.35
-1196.53
-1219.8
-1254.49
-1539.45
-1232.55
-1278.47
-1152.08
-1191.21
-1028.46
-1156.43
-1158.1
-1164.88
-1173.26
-1108.33
-1266.36
-1085.38
-1166.29
-1151.98
-1149.55
-949.97
-1246.68
-1197.72
-1131.99
-1994.53
-1580.94
-1553.61
-1514.4
-1564.47
-1569.8
-1570.48
-1523.77
-1532.09
-1499.38
-1599.15
-1669.16
-2220.98
-1442.09
-1759.25
-1834.28
-1499.62
-1712.74
-1620.82
-2035.57
-1534.05
-1477.66
-1783.42
-1411.25
-1394.54
-1440.45
-1477.19
-1509.2
-1540.95
-1537.33
-1716.32
-1664.7
-1641.09
-1441.97
-1497.16
-1489.97
-1496.5
-1560.84
-1567.18
-1523.04
-1638.56
-1703.74
-1667.14
-1630.38
-1554.31
-1593.51
-1626.48
-1469.96
-1302.22
-1423.77
-1990.97
-1510.17
-1031.9
-1152.07
-1455.98
-1542.81
-1585.36
-1527.95
-1576.5
-1394
-1718.11
-1718.13
-1546.22
-1463.6
-1595.93
-1175.67
-1446.1
-1420.7
-1303.94
-1424.7
-1495.24
-1425.94
-1409.92
-1510.94
-1493.17
-1473.22
-1259.03
-1526.47
-1648.9
-1547.56
-1302.33
-1343.68
-1153.05
-674.402
-552.37
-1043.6
-1005.15
-1000.61
-1042.02
-1010.47
-1149.54
-1111.59
-1013.61
-1016.35
-1181.52
-1383.37
-1394.49
-1341.37
-1294.73
-1292.32
-1312.06
-1341.44
-1366.68
-1291.83
-1327.53
-1305.12
-478.028
-541.081
-549.061
-504.7
-471.805
-433.601
-428.092
-589.22
-611.203
-761.171
-779.072
-773.016
-685.556
-496.495
-652.022
-535.586
-546.726
-681.818
-334.974
-1141.98
-1184.5
-1301.94
-1176.57
-365.115
-813.064
-905.341
-1500.8
-1528.88
-1516.84
-593.604
-791.575
-814.482
-2408.67
-1372.93
-1663.42
-905.535
-1418.91
-1435.08
-1542.28
-1331.88
-1574.77
-1497.98
-1392.61
-1820.48
-1620.84
-1310.46
-1543.53
-539.027
-909.123
-788.685
-787.814
-627.51
-630.018
-746.23
-805.538
-853.598
-787.529
-598.909
-577.433
-609.858
-742.724
-663.308
-591.172
-907.227
-1407.03
-1829.03
-1146.29
-430.871
-496.753
-901.867
-1411.5
-1290.55
-1418.19
-1311.42
-1346.48
-1384.62
-1365.94
-1401.51
-1384.78
-1325.8
-1332.07
-1301.97
-1352.59
-1433.45
-1359.24
-1294.24
-1294.93
-1342.48
-1412.18
-1394.31
-1378.88
-1385.33
-1357.54
-1333.05
-1438.72
-1329
-1433.56
-1334.3
-1378.04
-519.43
-631.988
-505.398
-648.536
-1641.21
-1355.81
-1426.09
-1335.87
-1302.83
-1240.83
-1423.34
-1303.79
-1336.23
-1247.98
-1278.37
-1285.27
-1360.45
-1287.73
-1446.49
-1206.74
-1319.77
-1285.05
-1496.51
-318.94
-332.024
-315.769
-761.103
-727.299
-675.646
-668.291
-631.79
-678.752
-772.775
-626.265
-683.42
-793.285
-646.605
-602.092
-731.621
-557.426
-341.229
-1622.67
-1372.06
-2362.57
-2269.18
-1887.63
-1562.62
-1442.64
-1645.7
-1556.84
-2912.08
-1520.02
-1375.27
-370.8
-440.36
-529.625
-343.981
-443.635
-494.724
-369.617
-489.188
-410.746
-312.712
-479.46
-431.337
-491.769
-1545.16
-1503.79
-1497.53
-1487.14
-1534.53
-1507.73
-1611.18
-1620.71
-1644.5
-1584.1
-1537.77
-1598.11
-1585.19
-1658.86
-1639.22
-1321.14
-1173.1
-1460.64
-1508.39
-1243
-1271.45
-1251.96
-1296.55
-1259.89
-1308.39
-499.284
-613.094
-651.549
-648.256
-719.948
-566.662
-1586.19
-1573.49
-1336.58
-1328.23
-1231.05
-1332.07
-1308.7
-1297.45
-1473.26
-1392.38
-763.078
-382.416
-376.879
-377.807
-1459.96
-1471.3
-1479.6
-1249.5
-1279.09
-1173.03
-1469.4
-1350.44
-1153.56
-1015.58
-1037.9
-1000.47
-971.585
-1066.79
-880.141
-1069.7
-1375.76
-488.681
-1441
-1510.05
-1479.5
-1398.84
-1379.12
-1538.38
-1656.35
-1533.51
-1342.28
-1340.38
-1355.28
-1446.19
-429.311
-394.745
-322.052
-325.432
-371.193
-428.293
-403.77
-538.82
-557.266
-609.566
-504.784
-711.798
-579.315
-724.296
-1333.9
-1443.69
-447.585
-292.958
-373.69
-319.674
-319.624
-443.152
-479.755
-435.901
-365.64
-1508.05
-2263.63
-1223.15
-3007.32
-1530.09
-1013.71
-1577.91
-2273.85
-1607.31
-1596.92
-2196.26
-1873.44
-1582.99
-1519.42
-1495.07
-1494.63
-1532
-1634.31
-1582.21
-1536.69
-1504.46
-1458.87
-1451.33
-1370.59
-1374.19
-1513.99
-1469.76
-1479.88
-1489.08
-1472.41
-1474.46
-1561.49
-1438.28
-1277.09
-1277.4
-1308.57
-1305.37
-1421.21
-1409.76
-1305.43
-992.424
-1032.55
-1028.09
-1232.62
-1156.43
-1215.26
-1249.86
-1230.12
-3030.55
-1547.96
-1503.9
-1362.28
-983.32
-621.424
-291.429
-1614.55
-1427.6
-1475.36
-1500.12
-3019.75
-674.706
-872.847
-1698.94
-1517.49
-1643.55
-1473.19
-1364.2
-1386.18
-1392.8
-1491.35
-1707.76
-1562.33
-619.102
-522.399
-1334.06
-470.449
-2120.85
-1020.57
-1518.53
-1393.93
-1475.57
-1349.63
-1499.4
-1383.18
-1223.02
-1221.75
-1310.62
-1422.87
-2455.65
-1362.69
-992.653
-956.62
-390.649
-1229.45
-1269.24
-382.805
-599.525
-574.901
-621.874
-630.847
-532.678
-565.618
-755.813
-475.986
-391.951
-1370.35
-392.461
-1224.07
-1247.2
-996.445
-1073.65
-870.198
-898.374
-848.357
-914.82
-954.099
-939.576
-940.414
-947.648
-951.209
-960.457
-937.16
-956.046
-946.799
-953.468
-895.335
-969.366
-935.007
-1127.35
-1047.23
-1034.97
-810.709
-1078.76
-1033.9
-1114.26
-1197.29
-1206.25
-2190.22
-1664.76
-1169.81
-1232.32
-1254.8
-1148.66
-1099.42
-1353.23
-1168.67
-1233.28
-1062.34
-1075.96
-1053.01
-1713.07
-2086.33
-1916.31
-1396.82
-1296.63
-1372.17
-1315.48
-1211.99
-1298.62
-1208.55
-1384.42
-1245.77
-1520.6
-1249.85
-1033.69
-1505.99
-1550.44
-1508.67
-1730.07
-1431.1
-1228.84
-1013.29
-1100.84
-1232.8
-1509.46
-1308.44
-1323.53
-1227.38
-627.539
-1093.26
-2054.94
-1298.27
-1670.85
-2081.76
-1088.16
-717.709
-959.99
-766.649
-820.89
-809.5
-388.671
-365.803
-390.542
-411.886
-439.566
-412.535
-461.45
-492.925
-2850.78
-1081.14
-1259.1
-1079.78
-952.984
-865.466
-888.901
-1340.82
-2624.54
-676.138
-1206.54
-1488.7
-1344.68
-1155.18
-1156.02
-1141.71
-1105.03
-1085
-1152.65
-1089.53
-1337.04
-1138.63
-1185.77
-392.802
-401.231
-302.735
-391.499
-292.296
-359.168
-358.666
-287.572
-461.259
-392.503
-1181.65
-1260.1
-1296.36
-1294.53
-1351.66
-1336.19
-1096.98
-1382.13
-1560.01
-1513.05
-1482.83
-1967.56
-1609.7
-1399.18
-1282.31
-1298.97
-1341.7
-1283.76
-1351.22
-1296.52
-1311.85
-1305.2
-1262.16
-1988.1
-1693.01
-1210.94
-1349.66
-1256.27
-1207.42
-1418.64
-1241.51
-1131.63
-1329.08
-1175.57
-1413.64
-1424.25
-1355.14
-1421.01
-1329.21
-1232.47
-1264.47
-1308.03
-1281.09
-1327.53
-1428.13
-1268.67
-1233.21
-1278
-1279.99
-1185.57
-1204.6
-1315.49
-1253.72
-1277.75
-1262.95
-1243.84
-1344.8
-1309.62
-1267.38
-1196.48
-1247.74
-1017.87
-918.194
-747.126
-1480.53
-1554.74
-1517.73
-1499.09
-1564.41
-1600
-1551.49
-1515.63
-1561.82
-1681.95
-1593.3
-1595.3
-1543.25
-1673.74
-1621.21
-1466.58
-1678.22
-1528.54
-1574.43
-1616.69
-1568.44
-1304.53
-1232.18
-1294.24
-1318.49
-1316.2
-1414.25
-1418.14
-1311.89
-1311.66
-1424.99
-1258.03
-1340.48
-419.136
-475.847
-624.81
-391.365
-512.643
-530.283
-422.418
-465.525
-343.258
-424.311
-611.763
-625.708
-325.226
-1247.41
-1478.71
-1480.65
-1324.25
-2015.14
-1207.52
-1071.37
-1411.32
-1306.28
-1336.28
-916.867
-989.722
-1569.65
-1378.38
-1279.83
-1114
-1276.14
-1292.68
-1427.36
-1605.49
-1290.95
-1335.93
-1291.32
-1366.81
-1254.68
-1417.24
-1323.67
-1316.88
-1284.37
-1305.2
-1307.33
-1320.46
-1354.94
-1301.99
-1329.85
-1376.01
-1418.85
-1438.77
-1380.66
-1434.27
-1326.2
-1353.23
-2360.81
-2053.57
-1802.06
-2048.26
-1703.65
-1449.26
-1250.06
-1391.26
-1497.48
-1335.13
-1657.51
-1346.7
-1398.17
-1543.1
-1456.5
-1411.65
-1238.36
-1278.27
-1353.99
-1282.24
-1309.27
-1331.04
-1183.23
-1312.44
-1340.18
-1419.13
-1414.07
-1531.61
-1596.59
-1558.11
-1520.51
-1494.16
-1446.26
-1398.93
-1273.81
-1210.94
-1468.49
-1529.43
-1767.8
-1334.85
-1454.8
-1213.24
-1421.81
-1477.56
-1521.55
-1550.49
-1332.61
-1541.02
-1486
-1468.97
-1248.8
-1330.43
-1196.69
-1145.66
-966.049
-650.206
-503.328
-1241.15
-1136.78
-1124.2
-1176.04
-1312.52
-1230.11
-1439.21
-1135.41
-2169.01
-62.8202
-1160.77
-1108.3
-1136.57
-1214.44
-1252.36
-1217.9
-1171.3
-1093.12
-1149.5
-1128.92
-1275.07
-1208.22
-1149.34
-1126.21
-1143.85
-1287.12
-828.531
-843.367
-864.232
-830.362
-837.245
-866.816
-772.059
-767.036
-824.141
-779.242
-843.644
-708.494
-664.903
-663.087
-667.144
-647.94
-617.956
-691.11
-639.157
-667.741
-870.692
-755.036
-775.639
-1484.1
-834.976
-1293.36
-1307.55
-364.057
-1315.83
-1189.42
-1315.38
-1250.06
-1306.03
-324.141
-1074.76
-1316.23
-1669.28
-2529.55
-1450.02
-1419.53
-1870.79
-357.815
-1454.23
-3503.59
-844.394
-1294.29
-1381.42
-356.214
-1600.9
-1790.47
-1292.58
-279.12
-1194.04
-1230.64
-245.565
-1334.37
-352.388
-1363.04
-1346.38
-479.858
-1252.83
-1448.23
-1260.96
-1450.85
-1557.21
-291.777
-1752.12
-492.679
-1348.45
-1648.46
-2279.35
-1507.24
-1506.32
-1814.05
-477.987
-1376.44
-318.33
-348.839
-1355.43
-1358.59
-399.273
-1225.47
-1568.35
-375.386
-1879.35
-2881.72
-441.013
-1735.76
-1179.8
-1500.13
-1458.31
-581.201
-1263.44
-1470.52
-919.673
-468.33
-1340.3
-402.984
-695.641
-1619.82
-1307.5
-1597.26
-617.116
-1561.79
-1256.32
-1184.9
-1180.12
-1498.18
-1704.24
-1467.59
-1535.67
-1217.7
-467.652
-342.507
-813.573
-1763.85
-1407.61
-1400.15
-1271.07
-1486.49
-1477.18
-1083.67
-1850.74
-1885.18
-3669.98
-737.694
-1564.55
-1278.35
-598.832
-2313.43
-1428.85
-1387.25
-1623.85
-1032.97
-1590.26
-1337.48
-311.787
-337.439
-1816.75
-1484.24
-1324.64
-380.863
-322.014
-1180.8
-1318.44
-1344.77
-878.858
-1901.27
-1451.4
-1735.51
-1409.84
-1167.95
-312.089
-1432.05
-1108.51
-1323.5
-1487.46
-1507.7
-1325.01
-1897.47
-1616.91
-2078.47
-1204.68
-1804.36
-1485.52
-1198.92
-1609.89
-1513.82
-306.253
-975.26
-1826.8
-1450.83
-1065.06
-642.386
-496.681
-1069.17
-1653.04
-249.244
-1495.09
-1282.05
-285.458
-1326.81
-2407.68
-1129.06
-2624.73
-325.131
-1810.96
-1220.38
-521.89
-1210.32
-1427.28
-1030.96
-1734.71
-635.756
-1545.63
-1490.88
-1515.38
-1813.29
-313.503
-2183.81
-1263.74
-986.86
-1417.7
-889.421
-1444.02
-1217.51
-2212.04
-597.981
-1514.52
-641.903
-1287.69
-1387.13
-315.866
-1963.5
-1549.47
-633.52
-1120.89
-834.315
-389.839
-1280.84
-1128.11
-646.999
-579.675
-1412.54
-1603.96
-1572.71
-1479
-1172.58
-1340.02
-1626.23
-936.755
-1295.04
-982.051
-1595.46
-1469.89
-1215.73
-1496.7
-762.419
-266.164
-1397.46
-461.982
-1012.61
-1333.04
-1517.76
-462.598
-297.642
-434.466
-434.765
-676.055
-1028.37
-2757.94
-1187.21
-1100.75
-1403.33
-437.013
-1694.26
-1397.5
-1824.93
-1622.12
-1074.4
-2644.15
-1343.02
-295.822
-380.775
-804.469
-1377.49
-344.323
-1103.48
-2282.03
-1456.27
-672.108
-1368.08
-1493.94
-1460.8
-639.416
-1627.17
-371.608
-525.63
-231.21
-686.259
-3243.85
-416.166
-701.028
-1635.38
-1421.9
-1418.09
-267.311
-383.9
-427.061
-5017.11
-1484.11
-1622.89
-1305.32
-1307.31
-1177.05
-302.856
-2069.29
-1698.3
-344.011
-971.232
-1312.9
-2017.7
-2167.28
-1368.23
-422.495
-1847.36
-1261.05
-1503.87
-1384.39
-1560.12
-312.459
-1835.29
-2117.7
-1063.77
-1657.43
-1353.25
-2157.98
-771.676
-310.247
-1706.61
-1219.08
-1611.61
-2328.73
-1357.12
-2694.61
-1380.46
-1158.02
-855.894
-310.537
-1240.2
-1362.51
-1491.83
-1417.13
-1365.49
-748.159
-1617.13
-2099.05
-816.785
-1552.39
-1229.15
-1421.48
-336.507
-1331.79
-2162.06
-1432.84
-1537.08
-327.837
-307.867
-1481.5
-1517.47
-745.695
-1601.96
-5460.69
-861.919
-1435.13
-1112.48
-1229.46
-1835.88
-2947.93
-1409.1
-1385.25
-1396.92
-1223.16
-1282.31
-985.822
-1932.86
-1522.43
-1152.47
-1773.32
-1701.96
-1377.23
-1509.89
-1518.92
-835.475
-429.981
-438.006
-1583.71
-1533.76
-1291.86
-1157.8
-1142.48
-405.904
-347.013
-399.002
-923.185
-802.016
-1383.12
-1254.64
-1407.84
-2285.45
-1604.24
-1141.78
-1238.73
-1325.58
-1283.72
-1136.82
-1269.72
-1216.99
-374.702
-291.866
-544.598
-535.699
-669.777
-1609.8
-1698.45
-311.254
-463.863
-578.784
-1627.66
-1372.22
-1438.45
-1196.86
-1044.17
-1757.2
-1503.07
-772.657
-1413.43
-1139.44
-1127.07
-1227.64
-1225.96
-1129.7
-1198.18
-1660.97
-1439.03
-1215.24
-1213.88
-1227.96
-1256.48
-1203.63
-1198.4
-1540.12
-1461.56
-1396.35
-1290.33
-1273.57
-1269.58
-1499.33
-1381.86
-1390.08
-1417.24
-1303.63
-1393.56
-1243.6
-1310.79
-1282.07
-1209.37
-1376.21
-1329.14
-1160.53
-1134.43
-1146.66
-1042.29
-1290.93
-885.163
-903.434
-1199.36
-907.813
-1497.01
-249.716
-295.266
-291.593
-304.648
-957.704
-1050.66
-995.316
-1214.71
-1241.82
-1205.75
-1267.58
-1240.6
-1235.15
-1215.47
-1177.32
-482.966
-492.746
-560.966
-487.811
-1202.24
-1118.1
-1161.08
-1170.63
-267.512
-884.531
-1058.93
-1208.67
-1402.74
-1330.47
-1334.2
-1293.99
-1340.21
-1223.95
-1241.78
-1261.67
-1267.11
-1338.1
-1231.49
-1199.11
-1244.85
-1232.18
-1319.81
-1192.78
-1118.08
-1332.41
-1398.45
-950.46
-1104.83
-743.387
-899.833
-992.087
-1327.5
-1338.19
-1333.81
-1361.31
-1379.47
-1375.5
-1416.55
-1357.95
-1356.82
-442.967
-466.698
-313.641
-457.114
-478.694
-273.35
-319.009
-424.601
-447.157
-341.629
-1040.09
-874.847
-944.336
-867.692
-952.01
-1071.07
-1045.12
-1891.66
-1661.92
-1871.97
-1799.49
-1722.98
-1654.05
-1647.69
-1871.47
-1642.9
-2134.12
-1715.18
-1719.73
-1712.1
-1514.33
-1489.6
-1783.46
-1339.39
-1577.07
-1414.66
-1467.31
-1614.74
-1319.02
-1526.99
-1455.77
-1489.36
-1429.84
-1431.29
-1612.24
-1567.55
-1626.57
-1700.23
-1483.74
-1465.2
-1630.37
-1919.15
-1354.56
-1450.1
-1371.16
-1477.78
-1459.87
-1456.66
-1483.69
-1468.25
-1426.03
-1434.14
-1492.18
-1481.91
-1354.81
-1384.91
-1341.68
-1439.02
-1519
-1324.48
-1517.65
-1419.71
-1553.96
-1557.4
-1341.72
-1365.17
-1405.66
-1350.05
-1349.4
-1243.97
-1290.92
-1337.95
-984.279
-843.952
-1200.03
-1105.68
-1123.5
-1240.1
-1248.83
-1124.09
-1287.95
-945.566
-1103.61
-1053.86
-1016.5
-1283.55
-262.226
-299.207
-279.513
-147.31
-265.663
-353.699
-334.253
-245.758
-285.466
-241.515
-276.348
-1368.1
-1276.57
-1287.9
-1452.57
-1391.53
-1181.83
-1278.51
-1309.42
-1341.59
-1341.21
-1230.29
-1201.57
-1195.99
-1178.83
-1168.22
-1217.66
-1204.21
-1258.57
-1261.02
-1256.01
-1412.67
-1291.51
-1332.76
-1462.68
-1519.47
-1412.79
-1462.04
-1472.55
-1724.05
-1338.95
-1376.37
-1320.22
-1526.91
-1431.38
-1387.83
-1453.2
-1408.73
-1422.64
-1349.8
-1334.35
-1520.82
-1524.83
-1339.27
-1399.02
-1490.3
-1407.01
-1462.6
-1479.83
-1684.68
-1710.21
-1335.23
-447.289
-429.7
-1373.06
-1310.02
-1586.36
-1531
-989.078
-1082.8
-890.226
-847.557
-1250.75
-1161.96
-1360.64
-1268.97
-1242.18
-1227.81
-1166.14
-1241.53
-1124.76
-1190.61
-1106.84
-1044.76
-346.9
-1304.48
-1243.51
-1130.9
-1372.56
-1579.47
-1391.27
-1506.63
-1272.08
-1270.97
-1325.04
-1448.71
-1609.33
-1576.01
-1441.89
-1754.48
-1410.54
-1503.02
-271.498
-422.928
-1354.28
-389.747
-854.739
-1357.94
-1424.18
-1377.71
-1269.65
-1381.72
-1276.04
-1226.21
-1263.31
-1323.62
-1261.17
-309.113
-321.941
-410.807
-376.781
-1356.21
-1151.81
-1276.36
-1064.07
-1260.65
-1253.46
-1242.15
-1429.67
-1301.98
-1259.14
-800.212
-980.762
-933.107
-923.164
-837.741
-770.84
-792.94
-1014.36
-1022.33
-1116.99
-1094.66
-576.653
-886.844
-913.866
-1397.63
-1319.37
-1202.37
-1247.92
-1369.94
-1486.25
-1529.06
-1488.67
-1394.47
-1299.99
-1401.89
-1621.94
-1480.74
-752.651
-618.795
-859.65
-921.49
-670.777
-842.183
-805.277
-674.999
-682.81
-492.777
-455.01
-670.396
-498.267
-2149.81
-1071.57
-1241.79
-1253.88
-1305.45
-1366.51
-1245.88
-1199.73
-1147.64
-1206.42
-1381.18
-1423.11
77.0667
-358.367
-512.084
-545.488
-1415.9
-1296.65
-1367.85
-1342.6
-1279.78
-1304.35
-1348.84
-1382.73
-1190.4
-1193.38
-1309.32
-1294.02
-1460.28
-1531.29